0 0.5859375 0.334375 0.2109375 0.59375
0 0.890625 0.36015625 0.025 0.1203125
0 0.8765625 0.36640625 0.0171875 0.10625
0 0.8640625 0.3453125 0.021875 0.1078125
0 0.95859375 0.35 0.0203125 0.0375
0 0.84609375 0.33671875 0.0234375 0.10625
0 0.9390625 0.359375 0.025 0.0515625
0 0.49140625 0.415625 0.03125 0.10625
0 0.790625 0.38828125 0.0265625 0.078125
0 0.771875 0.3875 0.0234375 0.078125
0 0.73125 0.38046875 0.028125 0.046875
0 0.715625 0.3765625 0.0140625 0.0359375
0 0.696875 0.390625 0.021875 0.0734375