0 0.65859375 0.69921875 0.0234375 0.1734375
0 0.690625 0.65390625 0.01875 0.1484375
0 0.0359375 0.7234375 0.0171875 0.1734375
0 0.409375 0.64453125 0.009375 0.034375
0 0.259375 0.6390625 0.0125 0.0859375
0 0.9625 0.72109375 0.028125 0.071875
0 0.59609375 0.65625 0.0125 0.1203125
0 0.53515625 0.65859375 0.009375 0.0390625
0 0.1203125 0.803125 0.0265625 0.04375
0 0.33359375 0.69921875 0.01875 0.0625
0 0.2125 0.65390625 0.0109375 0.034375
0 0.57421875 0.678125 0.0140625 0.1109375
0 0.009375 0.740625 0.0078125 0.028125