0 0.0015625 0.00078125 0.0015625 0.0015625
0 0.1609375 0.43125 0.3171875 0.3953125
0 0.80234375 0.25078125 0.2703125 0.275
0 0.41171875 0.1265625 0.2234375 0.253125
0 0.63515625 0.15859375 0.1171875 0.225
0 0.653125 0.2390625 0.3125 0.3515625
0 0.94140625 0.26875 0.1171875 0.2453125
0 0.09140625 0.0890625 0.084375 0.1734375
0 0.0703125 0.2015625 0.1359375 0.23125
0 0.2328125 0.31796875 0.34375 0.284375
0 0.1671875 0.7453125 0.3078125 0.496875
0 0.0375 0.0453125 0.06875 0.0890625
0 0.17734375 0.12734375 0.13125 0.096875