0 0.5921875 0.39375 0.2328125 0.34375
0 0.784375 0.4234375 0.234375 0.71875
0 0.3046875 0.54296875 0.059375 0.28125
0 0.3359375 0.59140625 0.0359375 0.18125
0 0.42890625 0.6140625 0.0234375 0.09375
0 0.159375 0.63046875 0.034375 0.09375
0 0.5296875 0.59921875 0.015625 0.0828125
0 0.1140625 0.62890625 0.0265625 0.1078125
0 0.97109375 0.54921875 0.040625 0.1890625
0 0.509375 0.59453125 0.0421875 0.1546875
0 0.075 0.6359375 0.0421875 0.13125
0 0.9046875 0.55390625 0.0328125 0.18125
0 0.57890625 0.60625 0.025 0.0875