0 0.73984375 0.68828125 0.0359375 0.2640625
0 0.171875 0.840625 0.0359375 0.171875
0 0.66953125 0.63203125 0.028125 0.121875
0 0.8265625 0.66796875 0.03125 0.225
0 0.05859375 0.8890625 0.0515625 0.109375
0 0.684375 0.87109375 0.0515625 0.1875
0 0.615625 0.57890625 0.0109375 0.0296875
0 0.23359375 0.81796875 0.03125 0.109375
0 0.90234375 0.64375 0.0140625 0.0359375
0 0.3984375 0.89609375 0.034375 0.0625
0 0.3390625 0.934375 0.0515625 0.13125
0 0.47578125 0.9078125 0.06875 0.13125
0 0.0328125 0.89140625 0.028125 0.0765625