0 0.4359375 0.671875 0.0234375 0.1125
0 0.16171875 0.67890625 0.021875 0.0984375
0 0.5859375 0.671875 0.03125 0.1125
0 0.11640625 0.6796875 0.0296875 0.10625
0 0.50625 0.66953125 0.0296875 0.1109375
0 0.9796875 0.6609375 0.015625 0.071875
0 0.68515625 0.65234375 0.0125 0.06875
0 0.18515625 0.68671875 0.0296875 0.09375
0 0.096875 0.66953125 0.01875 0.0625
0 0.91328125 0.67890625 0.01875 0.0734375
0 0.47578125 0.66953125 0.03125 0.1125
0 0.04375 0.684375 0.0375 0.1078125
0 0.6984375 0.6609375 0.0203125 0.06875