0 0.55078125 0.54609375 0.19375 0.5171875
0 0.4046875 0.3796875 0.121875 0.1875
0 0.45625 0.36484375 0.053125 0.1765625
0 0.9171875 0.40859375 0.028125 0.159375
0 0.1734375 0.425 0.1984375 0.246875
0 0.74609375 0.36328125 0.10625 0.1546875
0 0.68828125 0.33984375 0.053125 0.10625
0 0.65546875 0.4390625 0.1125 0.340625
0 0.30234375 0.4953125 0.1125 0.4234375
0 0.9765625 0.41640625 0.0359375 0.18125
0 0.9515625 0.43203125 0.021875 0.140625
0 0.5859375 0.32734375 0.0140625 0.0421875
0 0.82109375 0.4140625 0.0265625 0.115625