0 0.6609375 0.71796875 0.0890625 0.271875
0 0.171875 0.60078125 0.01875 0.0328125
0 0.58828125 0.62734375 0.021875 0.08125
0 0.359375 0.62265625 0.021875 0.075
0 0.64296875 0.6125 0.0140625 0.0578125
0 0.32265625 0.58046875 0.0109375 0.0484375
0 0.271875 0.62421875 0.0171875 0.0796875
0 0.10234375 0.6265625 0.0109375 0.034375
0 0.09140625 0.62890625 0.0203125 0.084375
0 0.15390625 0.6328125 0.0140625 0.065625
0 0.1984375 0.615625 0.0140625 0.0625
0 0.20625 0.62734375 0.01875 0.0765625
0 0.34765625 0.590625 0.009375 0.01875