0 0.0125 0.23125 0.0140625 0.040625
0 0.6453125 0.45234375 0.384375 0.4671875
0 0.07265625 0.30859375 0.109375 0.2015625
0 0.24765625 0.27421875 0.040625 0.1453125
0 0.43046875 0.284375 0.0296875 0.11875
0 0.88984375 0.3828125 0.078125 0.171875
0 0.77734375 0.3875 0.0640625 0.1328125
0 0.53203125 0.2765625 0.0328125 0.0921875
0 0.28203125 0.57421875 0.4234375 0.825
0 0.721875 0.30546875 0.021875 0.0203125
0 0.74375 0.3953125 0.0515625 0.1109375
0 0.71875 0.26640625 0.0171875 0.0625
0 0.83125 0.3125 0.025 0.06875
0 0.190625 0.309375 0.034375 0.0765625