0 0.9234375 0.11875 0.0234375 0.0640625
0 0.7515625 0.090625 0.01875 0.0203125
0 0.79609375 0.08515625 0.0171875 0.03125
0 0.66796875 0.11015625 0.0125 0.05625
0 0.0890625 0.19140625 0.028125 0.0546875
0 0.1796875 0.184375 0.01875 0.0546875
0 0.4578125 0.178125 0.0125 0.0421875
0 0.90625 0.11796875 0.0234375 0.0703125
0 0.6765625 0.09140625 0.00625 0.01875
0 0.24296875 0.08125 0.0125 0.0171875
0 0.421875 0.18125 0.0078125 0.025
0 0.2171875 0.17890625 0.01875 0.0578125
0 0.35 0.17734375 0.0109375 0.05625