0 0.54296875 0.30078125 0.04375 0.109375
0 0.0328125 0.09453125 0.0421875 0.159375
0 0.7703125 0.2859375 0.05 0.1046875
0 0.18828125 0.56875 0.0203125 0.0578125
0 0.13046875 0.27734375 0.0421875 0.0765625
0 0.178125 0.28125 0.0453125 0.075
0 0.45703125 0.2703125 0.0421875 0.071875
0 0.64609375 0.290625 0.0453125 0.1046875
0 0.71171875 0.2578125 0.03125 0.0390625
0 0.51171875 0.26484375 0.0265625 0.084375
0 0.3546875 0.2890625 0.0328125 0.08125
0 0.2328125 0.2796875 0.0234375 0.08125
0 0.29609375 0.26015625 0.028125 0.0390625