0 0.65 0.98046875 0.0328125 0.0328125
0 0.6171875 0.97109375 0.028125 0.034375
0 0.57734375 0.97890625 0.034375 0.040625
0 0.60859375 0.98515625 0.0390625 0.028125
0 0.60546875 0.81015625 0.1046875 0.075
0 0.34453125 0.975 0.0390625 0.05
0 0.18359375 0.9328125 0.0328125 0.0296875
0 0.31953125 0.978125 0.0390625 0.04375
0 0.2796875 0.98515625 0.065625 0.0296875
0 0.96015625 0.9828125 0.0390625 0.034375
0 0.5359375 0.98828125 0.0375 0.0234375
0 0.8453125 0.97578125 0.0328125 0.0046875
0 0.396875 0.9828125 0.065625 0.034375