0 0.4046875 0.490625 0.240625 0.4265625
0 0.15859375 0.59296875 0.3171875 0.34375
0 0.30859375 0.53984375 0.0421875 0.1296875
0 0.27890625 0.56015625 0.0546875 0.1546875
0 0.59375 0.40703125 0.0921875 0.2640625
0 0.6375 0.30234375 0.1015625 0.2421875
0 0.6921875 0.246875 0.0515625 0.1109375
0 0.51640625 0.43984375 0.05625 0.171875
0 0.03359375 0.71640625 0.065625 0.2
0 0.05 0.67421875 0.0734375 0.1859375
0 0.509375 0.034375 0.034375 0.06875
0 0.73359375 0.253125 0.0703125 0.140625
0 0.53828125 0.42265625 0.0796875 0.2328125