0 0.1515625 0.57578125 0.20625 0.5
0 0.74296875 0.51953125 0.2421875 0.6296875
0 0.1921875 0.14765625 0.1703125 0.175
0 0.47578125 0.1453125 0.15 0.2
0 0.6 0.10234375 0.059375 0.08125
0 0.6640625 0.071875 0.103125 0.1390625
0 0.72890625 0.1390625 0.1109375 0.15625
0 0.81953125 0.1453125 0.0859375 0.146875
0 0.928125 0.15 0.1046875 0.1421875
0 0.32265625 0.64453125 0.2671875 0.39375
0 0.56015625 0.06953125 0.0859375 0.1375
0 0.4546875 0.07578125 0.1375 0.1515625
0 0.61171875 0.14296875 0.1296875 0.165625