0 0.55703125 0.5859375 0.2828125 0.378125
0 0.22265625 0.64453125 0.125 0.3234375
0 0.17734375 0.553125 0.078125 0.3
0 0.9265625 0.18671875 0.05 0.084375
0 0.24453125 0.2703125 0.0421875 0.0734375
0 0.17890625 0.234375 0.034375 0.075
0 0.2703125 0.190625 0.0234375 0.0421875
0 0.303125 0.2640625 0.04453125 0.096875
0 0.49140625 0.37578125 0.0609375 0.0984375
0 0.81796875 0.5390625 0.0453125 0.16875
0 0.34921875 0.2828125 0.0375 0.0546875
0 0.9046875 0.09296875 0.0609375 0.1859375
0 0.33359375 0.66328125 0.128125 0.253125