0 0.2953125 0.6078125 0.009375 0.003125
0 0.4296875 0.609375 0.0046875 0.040625
0 0.36015625 0.6046875 0.0125 0.0578125
0 0.33359375 0.60703125 0.0140625 0.0546875
0 0.25859375 0.61015625 0.0171875 0.059375
0 0.43515625 0.6 0.0078125 0.003125
0 0.390625 0.59453125 0.0125 0.028125
0 0.2734375 0.6125 0.00625 0.0546875
0 0.31015625 0.61015625 0.0203125 0.0625
0 0.128125 0.6125 0.0140625 0.071875
0 0.09453125 0.61640625 0.0125 0.0578125
0 0.40546875 0.603125 0.009375 0.0546875
0 0.28203125 0.6125 0.0140625 0.053125