0 0.621875 0.7015625 0.0609375 0.2265625
0 0.57421875 0.715625 0.0390625 0.1640625
0 0.70703125 0.61953125 0.0453125 0.196875
0 0.15625 0.82578125 0.059375 0.1921875
0 0.40390625 0.4171875 0.025 0.1
0 0.42421875 0.42421875 0.01875 0.0984375
0 0.47890625 0.3265625 0.0140625 0.0609375
0 0.465625 0.31953125 0.0203125 0.084375
0 0.640625 0.32109375 0.015625 0.0796875
0 0.0671875 0.31640625 0.0078125 0.028125
0 0.12421875 0.840625 0.0921875 0.1875
0 0.66328125 0.31953125 0.0234375 0.0796875
0 0.503125 0.434375 0.025 0.0296875