0 0.36171875 0.284375 0.0453125 0.090625
0 0.5078125 0.44921875 0.115625 0.3328125
0 0.271875 0.5453125 0.10625 0.56875
0 0.19296875 0.56640625 0.1046875 0.2609375
0 0.75078125 0.55625 0.15625 0.34375
0 0.86328125 0.60703125 0.16875 0.340625
0 0.9390625 0.36015625 0.0234375 0.1015625
0 0.42109375 0.5703125 0.2125 0.6671875
0 0.6828125 0.35625 0.0578125 0.1921875
0 0.85390625 0.36015625 0.0296875 0.09375
0 0.0640625 0.39453125 0.015625 0.05625
0 0.609375 0.5625 0.13125 0.2828125
0 0.140625 0.36171875 0.0359375 0.1125