0 0.91328125 0.49609375 0.1734375 0.59375
0 0.80859375 0.49453125 0.16875 0.503125
0 0.721875 0.1625 0.1359375 0.325
0 0.51640625 0.5578125 0.2796875 0.7734375
0 0.0828125 0.50703125 0.165625 0.5609375
0 0.178125 0.4390625 0.1421875 0.421875
0 0.1390625 0.13046875 0.0828125 0.09375
0 0.65703125 0.490625 0.15 0.559375
0 0.34765625 0.64140625 0.046875 0.165625
0 0.58671875 0.27109375 0.0453125 0.059375
0 0.8375 0.1328125 0.0765625 0.0828125
0 0.73046875 0.21875 0.071875 0.06875
0 0.27578125 0.55390625 0.259375 0.4765625