0 0.7828125 0.7078125 0.05 0.2015625
0 0.7109375 0.5265625 0.009375 0.0203125
0 0.09921875 0.6796875 0.0453125 0.1203125
0 0.91953125 0.77421875 0.0046875 0.1296875
0 0.4 0.52421875 0.040625 0.0765625
0 0.7390625 0.63515625 0.0390625 0.19375
0 0.18828125 0.5890625 0.0703125 0.1203125
0 0.609375 0.540625 0.040625 0.1015625
0 0.67734375 0.59296875 0.0359375 0.1328125
0 0.90546875 0.57421875 0.0140625 0.040625
0 0.29765625 0.5625 0.0453125 0.06875
0 0.55 0.49375 0.0296875 0.1
0 0.4640625 0.528125 0.046875 0.1203125