0 0.50078125 0.49296875 0.46875 0.6734375
0 0.40390625 0.50234375 0.028125 0.071875
0 0.26484375 0.4953125 0.028125 0.0578125
0 0.29765625 0.496875 0.015625 0.040625
0 0.21328125 0.496875 0.015625 0.053125
0 0.16171875 0.4984375 0.0421875 0.0703125
0 0.1953125 0.4984375 0.0328125 0.0671875
0 0.903125 0.509375 0.046875 0.078125
0 0.309375 0.49453125 0.04375 0.053125
0 0.08984375 0.49609375 0.028125 0.0515625
0 0.97421875 0.5203125 0.0328125 0.0375
0 0.03359375 0.4984375 0.034375 0.0578125
0 0.1296875 0.49375 0.01875 0.0046875