0 0.6109375 0.37890625 0.40625 0.396875
0 0.18203125 0.44609375 0.1390625 0.1015625
0 0.0609375 0.45625 0.10625 0.1
0 0.07109375 0.246875 0.1171875 0.1515625
0 0.778125 0.2375 0.075 0.103125
0 0.5734375 0.23359375 0.09375 0.1609375
0 0.709375 0.0515625 0.1046875 0.09375
0 0.8890625 0.2296875 0.10625 0.13125
0 0.8578125 0.303125 0.09375 0.090625
0 0.4578125 0.0765625 0.1015625 0.109375
0 0.8921875 0.08359375 0.0859375 0.1390625
0 0.0296875 0.15234375 0.059375 0.11875
0 0.55078125 0.07578125 0.096875 0.1328125