0 0.684375 0.565625 0.6296875 0.846875
0 0.4421875 0.490625 0.0390625 0.1640625
0 0.56796875 0.40390625 0.071875 0.159375
0 0.2640625 0.4953125 0.046875 0.2578125
0 0.17734375 0.50390625 0.0671875 0.275
0 0.0796875 0.5234375 0.059375 0.2671875
0 0.03359375 0.4625 0.0546875 0.225
0 0.1921875 0.37578125 0.0265625 0.05
0 0.40859375 0.46484375 0.0359375 0.1125
0 0.13828125 0.42109375 0.0375 0.1828125
0 0.31640625 0.3953125 0.0265625 0.09375
0 0.0609375 0.3734375 0.05 0.134375
0 0.2140625 0.396875 0.0171875 0.028125