0 0.7046875 0.72265625 0.0421875 0.1484375
0 0.59921875 0.71015625 0.0125 0.0671875
0 0.66796875 0.71875 0.0125 0.04375
0 0.6546875 0.71953125 0.0109375 0.0421875
0 0.628125 0.70703125 0.015625 0.0609375
0 0.7921875 0.69921875 0.0109375 0.0328125
0 0.6140625 0.71328125 0.021875 0.03125
0 0.96015625 0.70078125 0.0125 0.0234375
0 0.71015625 0.721875 0.015625 0.0203125
0 0.640625 0.72109375 0.0109375 0.04375
0 0.871875 0.70234375 0.0109375 0.01875
0 0.475 0.709375 0.0078125 0.0421875
0 0.975 0.71796875 0.003125 0.0171875