0 0.7078125 0.7125 0.38125 0.5359375
0 0.190625 0.390625 0.0578125 0.10625
0 0.05859375 0.43203125 0.0328125 0.1671875
0 0.13984375 0.39375 0.0359375 0.0796875
0 0.125 0.37265625 0.0203125 0.0296875
0 0.37421875 0.49609375 0.034375 0.1
0 0.2234375 0.69921875 0.44375 0.575
0 0.475 0.446875 0.01875 0.0421875
0 0.03515625 0.440625 0.0265625 0.1421875
0 0.08203125 0.38203125 0.034375 0.1
0 0.13828125 0.38203125 0.0140625 0.03125
0 0.93671875 0.71484375 0.1265625 0.5703125
0 0.2375 0.384375 0.0296875 0.0515625