0 0.078125 0.625 0.009375 0.0421875
0 0.3046875 0.5609375 0.028125 0.059375
0 0.37890625 0.5640625 0.0390625 0.06875
0 0.41796875 0.5625 0.034375 0.0640625
0 0.47890625 0.5609375 0.05625 0.0796875
0 0.12578125 0.61640625 0.01875 0.040625
0 0.1046875 0.6140625 0.009375 0.0359375
0 0.0078125 0.64609375 0.015625 0.1078125
0 0.975 0.615625 0.025 0.0359375
0 0.80234375 0.6203125 0.015625 0.03125
0 0.77890625 0.6234375 0.0125 0.0265625
0 0.0125 0.65 0.0140625 0.096875
0 0.9140625 0.61171875 0.0109375 0.01875