0 0.07734375 0.81875 0.028125 0.1234375
0 0.16875 0.81484375 0.0203125 0.1390625
0 0.18671875 0.8171875 0.03125 0.134375
0 0.221875 0.82421875 0.0359375 0.11875
0 0.27109375 0.82109375 0.0359375 0.1265625
0 0.29375 0.82421875 0.0171875 0.1203125
0 0.65234375 0.81484375 0.0296875 0.0671875
0 0.40546875 0.8171875 0.0171875 0.13125
0 0.421875 0.82890625 0.021875 0.1046875
0 0.37109375 0.82421875 0.0125 0.0078125
0 0.11015625 0.81328125 0.0046875 0.1515625
0 0.5140625 0.784375 0.0296875 0.071875
0 0.309375 0.82421875 0.015625 0.1203125