0 0.525 0.590625 0.353125 0.7890625
0 0.43984375 0.3359375 0.0890625 0.15
0 0.6078125 0.1765625 0.0375 0.0625
0 0.82890625 0.359375 0.09375 0.1140625
0 0.9265625 0.33828125 0.0671875 0.0984375
0 0.76015625 0.35859375 0.10625 0.13125
0 0.75078125 0.31875 0.0328125 0.053125
0 0.2890625 0.35625 0.0578125 0.1328125
0 0.41328125 0.228125 0.0203125 0.0296875
0 0.4921875 0.23046875 0.0328125 0.0765625
0 0.41171875 0.3234375 0.0421875 0.0984375
0 0.69765625 0.35 0.0828125 0.1328125
0 0.91875 0.25859375 0.0578125 0.1609375