0 0.334375 0.515625 0.3203125 0.7265625
0 0.19921875 0.54609375 0.1984375 0.571875
0 0.659375 0.73359375 0.0578125 0.2375
0 0.51953125 0.6578125 0.0375 0.0875
0 0.571875 0.58984375 0.034375 0.059375
0 0.928125 0.57421875 0.0375 0.1671875
0 0.77265625 0.77265625 0.0671875 0.159375
0 0.81875 0.69296875 0.040625 0.0859375
0 0.86875 0.58203125 0.0296875 0.13125
0 0.40078125 0.77265625 0.04375 0.1515625
0 0.94921875 0.778125 0.0828125 0.1484375
0 0.75625 0.603125 0.0234375 0.1359375
0 0.78515625 0.61171875 0.040625 0.09375