0 0.60703125 0.690625 0.3921875 0.509375
0 0.315625 0.4296875 0.0546875 0.046875
0 0.2296875 0.44375 0.0453125 0.03125
0 0.2296875 0.43359375 0.0390625 0.0359375
0 0.19140625 0.4453125 0.0390625 0.0296875
0 0.5640625 0.4203125 0.0609375 0.04375
0 0.93984375 0.35859375 0.0453125 0.0375
0 0.78125 0.60390625 0.0671875 0.1265625
0 0.26796875 0.4390625 0.0484375 0.028125
0 0.828125 0.39765625 0.065625 0.0609375
0 0.76875 0.40390625 0.0515625 0.046875
0 0.85 0.58515625 0.0875 0.0921875
0 0.7046875 0.40703125 0.08125 0.0578125