0 0.2578125 0.6828125 0.1734375 0.3953125
0 0.3953125 0.6703125 0.1375 0.44375
0 0.328125 0.43515625 0.1125 0.375
0 0.128125 0.41875 0.115625 0.296875
0 0.10703125 0.6671875 0.1671875 0.434375
0 0.42265625 0.43125 0.0796875 0.265625
0 0.87578125 0.57421875 0.1546875 0.60625
0 0.22890625 0.45703125 0.121875 0.346875
0 0.52890625 0.69375 0.134375 0.4703125
0 0.6046875 0.71875 0.1921875 0.5109375
0 0.79140625 0.71015625 0.2890625 0.578125
0 0.66171875 0.39921875 0.1015625 0.2890625
0 0.75390625 0.41328125 0.13125 0.315625