0 0.334375 0.38984375 0.08125 0.2109375
0 0.7421875 0.26484375 0.071875 0.1375
0 0.2125 0.43203125 0.0296875 0.0625
0 0.2296875 0.41796875 0.021875 0.0328125
0 0.26328125 0.41484375 0.0296875 0.0671875
0 0.28671875 0.421875 0.0203125 0.0265625
0 0.24296875 0.35625 0.0203125 0.0515625
0 0.1734375 0.42265625 0.0171875 0.0234375
0 0.12578125 0.37890625 0.01875 0.0453125
0 0.20078125 0.35625 0.028125 0.05625
0 0.2328125 0.31171875 0.021875 0.0390625
0 0.26875 0.33203125 0.021875 0.04375
0 0.2796875 0.4 0.021875 0.05625