0 0.62109375 0.56015625 0.06875 0.134375
0 0.24140625 0.56328125 0.1046875 0.1046875
0 0.784375 0.54140625 0.025 0.05625
0 0.68203125 0.55546875 0.0328125 0.059375
0 0.721875 0.53203125 0.0234375 0.040625
0 0.7375 0.534375 0.025 0.0515625
0 0.37265625 0.521875 0.025 0.0578125
0 0.84375 0.52734375 0.0234375 0.0515625
0 0.86171875 0.52734375 0.0171875 0.0046875
0 0.97734375 0.58671875 0.0453125 0.1640625
0 0.31328125 0.61015625 0.1375 0.2390625
0 0.96015625 0.534375 0.0234375 0.0375
0 0.89375 0.53984375 0.0296875 0.0546875