0 0.56328125 0.3265625 0.1578125 0.396875
0 0.109375 0.46640625 0.1984375 0.7390625
0 0.3671875 0.2 0.03125 0.1171875
0 0.909375 0.36953125 0.1796875 0.434375
0 0.6828125 0.26953125 0.05625 0.184375
0 0.3390625 0.25703125 0.03125 0.09375
0 0.19921875 0.253125 0.0515625 0.1328125
0 0.240625 0.2640625 0.040625 0.0859375
0 0.45703125 0.209375 0.06875 0.0953125
0 0.65 0.215625 0.021875 0.059375
0 0.740625 0.26640625 0.0546875 0.1859375
0 0.8609375 0.26953125 0.0359375 0.178125
0 0.284375 0.2890625 0.04375 0.125