0 0.55625 0.1828125 0.2359375 0.365625
0 0.42265625 0.365625 0.1875 0.4015625
0 0.36015625 0.309375 0.059375 0.2453125
0 0.2515625 0.29453125 0.0890625 0.1453125
0 0.1796875 0.28515625 0.0453125 0.0796875
0 0.3171875 0.32421875 0.0359375 0.1640625
0 0.7640625 0.29453125 0.046875 0.0515625
0 0.32890625 0.284375 0.025 0.0921875
0 0.27578125 0.25078125 0.0171875 0.03125
0 0.90234375 0.28359375 0.0296875 0.08125
0 0.20625 0.31484375 0.0296875 0.1171875
0 0.128125 0.28203125 0.025 0.0484375
0 0.228125 0.25859375 0.0234375 0.0375