0 0.5 0.9296875 0.0453125 0.13125
0 0.45078125 0.94296875 0.034375 0.1140625
0 0.86796875 0.9375 0.03125 0.125
0 0.7921875 0.890625 0.0359375 0.0953125
0 0.79765625 0.95078125 0.0375 0.0921875
0 0.83984375 0.95078125 0.0453125 0.0984375
0 0.925 0.95390625 0.0375 0.0890625
0 0.9671875 0.95546875 0.034375 0.0890625
0 0.6390625 0.68828125 0.009375 0.0203125
0 0.73515625 0.95078125 0.0515625 0.0984375
0 0.821875 0.8859375 0.034375 0.1171875
0 0.3578125 0.9328125 0.040625 0.1078125
0 0.16328125 0.7453125 0.0203125 0.0625