0 0.88984375 0.47578125 0.1828125 0.290625
0 0.51796875 0.50390625 0.4671875 0.9265625
0 0.0578125 0.30234375 0.0328125 0.03125
0 0.20078125 0.30390625 0.028125 0.05625
0 0.4546875 0.3359375 0.1125 0.15
0 0.07109375 0.1 0.11875 0.10625
0 0.1875 0.153125 0.0921875 0.1015625
0 0.23359375 0.02890625 0.075 0.0578125
0 0.22890625 0.409375 0.1109375 0.071875
0 0.85703125 0.1421875 0.0921875 0.1015625
0 0.13203125 0.3 0.11875 0.1625
0 0.1 0.390625 0.1265625 0.0859375
0 0.78984375 0.32578125 0.103125 0.1