0 0.70390625 0.728125 0.121875 0.084375
0 0.775 0.721875 0.0859375 0.1
0 0.44296875 0.63828125 0.0140625 0.0171875
0 0.46171875 0.634375 0.0109375 0.015625
0 0.49453125 0.634375 0.015625 0.0203125
0 0.61171875 0.6265625 0.0265625 0.021875
0 0.27578125 0.59453125 0.0234375 0.0328125
0 0.815625 0.59140625 0.0171875 0.028125
0 0.85078125 0.58828125 0.0140625 0.0234375
0 0.52890625 0.634375 0.0109375 0.0203125
0 0.2609375 0.59140625 0.0171875 0.0171875
0 0.5140625 0.63359375 0.015625 0.0203125
0 0.3375 0.59453125 0.01875 0.0265625