0 0.7140625 0.90625 0.0328125 0.103125
0 0.61640625 0.93359375 0.0296875 0.13125
0 0.67890625 0.859375 0.015625 0.103125
0 0.63515625 0.92890625 0.0265625 0.1359375
0 0.653125 0.834375 0.025 0.0609375
0 0.61640625 0.84140625 0.015625 0.0578125
0 0.521875 0.815625 0.0171875 0.0421875
0 0.53828125 0.815625 0.015625 0.0609375
0 0.38515625 0.7984375 0.0125 0.04375
0 0.3421875 0.8125 0.01875 0.0390625
0 0.26875 0.80625 0.0234375 0.0859375
0 0.240625 0.80546875 0.0125 0.05625
0 0.2171875 0.84140625 0.025 0.10625
0 0.4765625 0.82109375 0.015625 0.0328125