0 0.80859375 0.340625 0.0296875 0.1515625
0 0.7328125 0.346875 0.0234375 0.1046875
0 0.28828125 0.3609375 0.0234375 0.1078125
0 0.615625 0.35390625 0.0390625 0.15625
0 0.47265625 0.36640625 0.034375 0.140625
0 0.18203125 0.35859375 0.0375 0.1078125
0 0.3796875 0.328125 0.0265625 0.0421875
0 0.75 0.340625 0.040625 0.165625
0 0.72265625 0.37578125 0.0203125 0.0609375
0 0.671875 0.35390625 0.0359375 0.1375
0 0.83671875 0.35 0.0359375 0.1125
0 0.65546875 0.340625 0.0125 0.0578125
0 0.49296875 0.35703125 0.0265625 0.165625