0 0.346875 0.62265625 0.1390625 0.475
0 0.21015625 0.59140625 0.06875 0.3609375
0 0.17578125 0.590625 0.0359375 0.1546875
0 0.91875 0.56328125 0.0453125 0.2734375
0 0.05546875 0.52421875 0.0265625 0.23125
0 0.97109375 0.5546875 0.0578125 0.2578125
0 0.4640625 0.59609375 0.0390625 0.2671875
0 0.284375 0.58515625 0.0671875 0.46875
0 0.1515625 0.55703125 0.0921875 0.328125
0 0.1875 0.434375 0.0125 0.025
0 0.22578125 0.453125 0.0296875 0.1125
0 0.1125 0.44609375 0.0171875 0.065625
0 0.8828125 0.52109375 0.046875 0.234375