0 0.546875 0.70625 0.1421875 0.1984375
0 0.196875 0.42421875 0.0984375 0.25
0 0.28515625 0.36328125 0.10625 0.271875
0 0.5234375 0.3125 0.090625 0.2421875
0 0.9 0.6890625 0.140625 0.2578125
0 0.97578125 0.740625 0.0046875 0.40625
0 0.7734375 0.69453125 0.134375 0.25
0 0.70546875 0.8515625 0.16875 0.296875
0 0.5421875 0.53515625 0.0890625 0.203125
0 0.1734375 0.52109375 0.15 0.2328125
0 0.40546875 0.75234375 0.1703125 0.4578125
0 0.33125 0.46328125 0.046875 0.084375
0 0.88203125 0.8359375 0.1046875 0.253125