0 0.8421875 0.509375 0.2125 0.2875
0 0.61328125 0.13359375 0.090625 0.2671875
0 0.6953125 0.1828125 0.1671875 0.365625
0 0.821875 0.18984375 0.19375 0.365625
0 0.8453125 0.3453125 0.2359375 0.3890625
0 0.271875 0.4109375 0.1765625 0.390625
0 0.47578125 0.14375 0.109375 0.2828125
0 0.3109375 0.5171875 0.1890625 0.3046875
0 0.903125 0.9390625 0.19375 0.121875
0 0.90703125 0.56796875 0.1828125 0.2953125
0 0.8 0.06640625 0.08125 0.1328125
0 0.93125 0.09375 0.1375 0.184375
0 0.2375 0.06875 0.059375 0.11875