0 0.11015625 0.88125 0.05625 0.20625
0 0.2421875 0.8125 0.0515625 0.2109375
0 0.66953125 0.703125 0.096875 0.0734375
0 0.71640625 0.6921875 0.08125 0.05
0 0.28984375 0.53515625 0.021875 0.05
0 0.565625 0.415625 0.01875 0.05625
0 0.95546875 0.42734375 0.021875 0.0453125
0 0.31953125 0.41875 0.0125 0.021875
0 0.21640625 0.39296875 0.0203125 0.0265625
0 0.25703125 0.38515625 0.0171875 0.0515625
0 0.6359375 0.5296875 0.015625 0.0796875
0 0.43125 0.43046875 0.0109375 0.0265625
0 0.1984375 0.40703125 0.009375 0.01875