0 0.065625 0.3 0.084375 0.33125
0 0.54765625 0.5265625 0.096875 0.278125
0 0.7140625 0.4953125 0.05625 0.275
0 0.7265625 0.15390625 0.1203125 0.16875
0 0.83984375 0.0875 0.03125 0.0609375
0 0.875 0.0875 0.046875 0.0859375
0 0.85546875 0.42890625 0.046875 0.0484375
0 0.85546875 0.1890625 0.0546875 0.0859375
0 0.534375 0.3703125 0.0375 0.0609375
0 0.01484375 0.3828125 0.0296875 0.08125
0 0.78203125 0.153125 0.053125 0.1046875
0 0.4578125 0.403125 0.0375 0.071875
0 0.0890625 0.13046875 0.0234375 0.0515625