0 0.70390625 0.92578125 0.0140625 0.06875
0 0.8453125 0.6828125 0.009375 0.0484375
0 0.84765625 0.63828125 0.0078125 0.01875
0 0.8640625 0.63828125 0.00625 0.0234375
0 0.84609375 0.609375 0.00625 0.04375
0 0.7296875 0.77578125 0.015625 0.0640625
0 0.68828125 0.9 0.015625 0.0390625
0 0.85390625 0.6625 0.009375 0.05
0 0.66953125 0.93203125 0.015625 0.0734375
0 0.84140625 0.6421875 0.0078125 0.00625
0 0.840625 0.57265625 0.0078125 0.0359375
0 0.6171875 0.72421875 0.0125 0.0515625
0 0.60390625 0.778125 0.0125 0.015625