0 0.56953125 0.47890625 0.1140625 0.3609375
0 0.68046875 0.5046875 0.1015625 0.3984375
0 0.65859375 0.47578125 0.05625 0.3203125
0 0.478125 0.35703125 0.0453125 0.0984375
0 0.371875 0.375 0.04375 0.121875
0 0.64296875 0.38515625 0.0453125 0.203125
0 0.36015625 0.27734375 0.0609375 0.24375
0 0.3171875 0.3421875 0.0421875 0.0890625
0 0.04609375 0.43359375 0.0921875 0.196875
0 0.628125 0.3796875 0.0328125 0.109375
0 0.18828125 0.36328125 0.0421875 0.1640625
0 0.41640625 0.35234375 0.04375 0.1234375
0 0.54140625 0.359375 0.0375 0.1140625