0 0.33125 0.6984375 0.2015625 0.58125
0 0.57578125 0.73984375 0.3046875 0.5203125
0 0.8203125 0.49375 0.359375 0.9875
0 0.44609375 0.575 0.121875 0.5
0 0.284375 0.43515625 0.0796875 0.1875
0 0.13125 0.6671875 0.259375 0.6359375
0 0.5578125 0.44765625 0.1625 0.1921875
0 0.61171875 0.26953125 0.06875 0.0453125
0 0.08984375 0.3703125 0.1265625 0.153125
0 0.48984375 0.30546875 0.1046875 0.1078125
0 0.73203125 0.35703125 0.1140625 0.103125
0 0.63828125 0.328125 0.09375 0.1265625
0 0.55234375 0.2890625 0.0859375 0.1234375