0 0.5453125 0.46640625 0.0515625 0.1546875
0 0.1859375 0.71171875 0.1109375 0.140625
0 0.18359375 0.2265625 0.028125 0.0484375
0 0.5203125 0.11953125 0.025 0.0421875
0 0.509375 0.4640625 0.0515625 0.090625
0 0.85859375 0.1015625 0.0296875 0.046875
0 0.63125 0.1984375 0.0203125 0.0328125
0 0.37265625 0.1171875 0.028125 0.0578125
0 0.43125 0.14921875 0.0265625 0.05625
0 0.4625 0.1578125 0.0140625 0.0328125
0 0.0515625 0.12734375 0.025 0.046875
0 0.53671875 0.12421875 0.0234375 0.090625
0 0.54921875 0.46171875 0.059375 0.0984375