0 0.6203125 0.60546875 0.0828125 0.15
0 0.20078125 0.63046875 0.0359375 0.0796875
0 0.76640625 0.62421875 0.0296875 0.0796875
0 0.6296875 0.5796875 0.028125 0.06875
0 0.53125 0.6359375 0.04375 0.128125
0 0.38828125 0.6234375 0.0125 0.0453125
0 0.42265625 0.6265625 0.0125 0.0390625
0 0.2328125 0.63046875 0.0046875 0.11875
0 0.29765625 0.6265625 0.0125 0.0359375
0 0.471875 0.62265625 0.0140625 0.0421875
0 0.49609375 0.62109375 0.0046875 0.025
0 0.8640625 0.63203125 0.021875 0.0609375
0 0.6296875 0.64921875 0.0921875 0.1796875