0 0.53671875 0.81953125 0.028125 0.1203125
0 0.51171875 0.8234375 0.025 0.109375
0 0.6046875 0.9046875 0.046875 0.0828125
0 0.69609375 0.92734375 0.0671875 0.10625
0 0.7671875 0.9359375 0.0671875 0.103125
0 0.725 0.78984375 0.0078125 0.0171875
0 0.75390625 0.81171875 0.021875 0.08125
0 0.16171875 0.83125 0.053125 0.153125
0 0.05078125 0.86875 0.1015625 0.1296875
0 0.9171875 0.846875 0.0328125 0.134375
0 0.178125 0.78984375 0.015625 0.0359375
0 0.99296875 0.834375 0.0140625 0.071875
0 0.59375 0.8 0.0125 0.046875