0 0.03828125 0.75078125 0.0765625 0.3609375
0 0.43359375 0.71171875 0.1 0.2390625
0 0.378125 0.70390625 0.0625 0.203125
0 0.959375 0.68046875 0.053125 0.140625
0 0.7875 0.66171875 0.05625 0.1234375
0 0.17578125 0.74453125 0.14375 0.3140625
0 0.45 0.61796875 0.0328125 0.09375
0 0.46796875 0.61796875 0.0328125 0.0984375
0 0.74296875 0.6875 0.0734375 0.16875
0 0.83125 0.66640625 0.04375 0.1265625
0 0.68359375 0.66171875 0.0390625 0.1421875
0 0.98828125 0.63125 0.0171875 0.04375
0 0.853125 0.6671875 0.046875 0.1171875