0 0.05859375 0.75703125 0.0734375 0.1265625
0 0.56953125 0.74921875 0.09375 0.0515625
0 0.115625 0.75546875 0.0390625 0.11875
0 0.09765625 0.75 0.0234375 0.0984375
0 0.8625 0.71953125 0.0375 0.0828125
0 0.84765625 0.6984375 0.0234375 0.0578125
0 0.28125 0.72578125 0.0375 0.0640625
0 0.01484375 0.7046875 0.0296875 0.109375
0 0.88125 0.7078125 0.0203125 0.0546875
0 0.89375 0.70859375 0.0203125 0.059375
0 0.246875 0.709375 0.0328125 0.021875
0 0.73671875 0.5015625 0.0171875 0.021875
0 0.82734375 0.49765625 0.0171875 0.0203125