0 0.434375 0.421875 0.140625 0.38125
0 0.80625 0.80078125 0.15 0.2234375
0 0.428125 0.96015625 0.0734375 0.0796875
0 0.871875 0.15 0.040625 0.13125
0 0.25234375 0.09921875 0.0515625 0.0671875
0 0.79609375 0.15078125 0.04375 0.14375
0 0.640625 0.09453125 0.0375 0.0609375
0 0.61171875 0.10234375 0.0359375 0.0484375
0 0.3625 0.09765625 0.05 0.06875
0 0.3015625 0.09921875 0.0546875 0.05
0 0.29140625 0.97578125 0.0953125 0.0484375
0 0.1453125 0.05390625 0.0359375 0.0640625
0 0.3125 0.06015625 0.0578125 0.0578125