0 0.1953125 0.578125 0.0578125 0.140625
0 0.31015625 0.7546875 0.0609375 0.2828125
0 0.62109375 0.74765625 0.071875 0.15
0 0.4171875 0.69453125 0.0671875 0.2140625
0 0.9234375 0.70703125 0.065625 0.1078125
0 0.96328125 0.67734375 0.034375 0.08125
0 0.6734375 0.86171875 0.084375 0.2265625
0 0.54375 0.7765625 0.103125 0.146875
0 0.64609375 0.62578125 0.0375 0.08125
0 0.56875 0.88515625 0.1 0.18125
0 0.82578125 0.76015625 0.065625 0.140625
0 0.85 0.69375 0.0046875 0.08125
0 0.38359375 0.76640625 0.0640625 0.2703125