0 0.7 0.571875 0.0515625 0.10625
0 0.890625 0.59453125 0.05625 0.1234375
0 0.82890625 0.5390625 0.0203125 0.0453125
0 0.640625 0.565625 0.0390625 0.084375
0 0.4375 0.55390625 0.0421875 0.0875
0 0.4640625 0.55703125 0.0296875 0.0796875
0 0.3796875 0.56875 0.0328125 0.059375
0 0.34765625 0.5609375 0.0390625 0.0703125
0 0.59921875 0.528125 0.0140625 0.0390625
0 0.76640625 0.53671875 0.0421875 0.0578125
0 0.58671875 0.56875 0.0125 0.0390625
0 0.5703125 0.5515625 0.0375 0.0859375
0 0.54453125 0.565625 0.0359375 0.0640625