0 0.2859375 0.31328125 0.071875 0.4109375
0 0.35078125 0.46328125 0.1625 0.3734375
0 0.878125 0.525 0.1546875 0.1953125
0 0.609375 0.34296875 0.1046875 0.3984375
0 0.85859375 0.32421875 0.1921875 0.453125
0 0.171875 0.32265625 0.078125 0.44375
0 0.3734375 0.2140625 0.1 0.159375
0 0.49453125 0.3359375 0.1015625 0.39375
0 0.43984375 0.18515625 0.028125 0.0921875
0 0.5671875 0.21015625 0.0390625 0.06875
0 0.6375 0.18671875 0.03125 0.0765625
0 0.740625 0.246875 0.05 0.0859375
0 0.09765625 0.32890625 0.0984375 0.3984375