0 0.8015625 0.83359375 0.2828125 0.2859375
0 0.2515625 0.66015625 0.04375 0.09375
0 0.325 0.67109375 0.071875 0.1
0 0.03203125 0.6875 0.0625 0.125
0 0.18515625 0.61796875 0.0046875 0.0671875
0 0.12890625 0.62734375 0.05 0.0578125
0 0.2625 0.58125 0.0171875 0.0578125
0 0.15078125 0.55703125 0.0140625 0.0421875
0 0.0140625 0.575 0.0203125 0.0875
0 0.671875 0.62109375 0.0140625 0.03125
0 0.09609375 0.57890625 0.015625 0.04375
0 0.16953125 0.565625 0.00625 0.025
0 0.29140625 0.665625 0.0390625 0.0921875