0 0.34296875 0.409375 0.546875 0.8140625
0 0.9234375 0.22265625 0.06875 0.2890625
0 0.86171875 0.2125 0.0625 0.3125
0 0.77109375 0.22578125 0.0625 0.3078125
0 0.08515625 0.29765625 0.078125 0.38125
0 0.6546875 0.21484375 0.0953125 0.3484375
0 0.60546875 0.2375 0.053125 0.3359375
0 0.21171875 0.246875 0.0703125 0.3328125
0 0.03515625 0.33125 0.0703125 0.3921875
0 0.1515625 0.08359375 0.0640625 0.1359375
0 0.26171875 0.109375 0.040625 0.13125
0 0.71015625 0.22890625 0.078125 0.3171875
0 0.15625 0.284375 0.0859375 0.3875