0 0.57734375 0.7109375 0.0890625 0.296875
0 0.78359375 0.60390625 0.0578125 0.1390625
0 0.8375 0.59453125 0.046875 0.13125
0 0.87890625 0.5640625 0.0328125 0.05625
0 0.19921875 0.78046875 0.109375 0.3078125
0 0.22578125 0.60546875 0.059375 0.0828125
0 0.2265625 0.521875 0.0234375 0.0859375
0 0.71953125 0.6 0.0546875 0.1171875
0 0.60703125 0.54296875 0.0359375 0.075
0 0.74609375 0.528125 0.0296875 0.05
0 0.4421875 0.715625 0.11875 0.246875
0 0.3078125 0.6109375 0.0625 0.128125
0 0.15546875 0.60546875 0.0734375 0.1171875
0 0.41015625 0.5046875 0.0484375 0.08125