0 0.3875 0.42265625 0.0390625 0.1078125
0 0.62890625 0.38359375 0.0265625 0.075
0 0.77578125 0.35703125 0.0640625 0.1671875
0 0.82734375 0.375 0.0453125 0.13125
0 0.30859375 0.40859375 0.0296875 0.08125
0 0.72421875 0.3796875 0.01875 0.0765625
0 0.67734375 0.38203125 0.0203125 0.0703125
0 0.66015625 0.3875 0.01875 0.0640625
0 0.23203125 0.4375 0.03125 0.075
0 0.596875 0.384375 0.0265625 0.071875
0 0.2671875 0.4 0.0265625 0.03125
0 0.328125 0.38203125 0.015625 0.059375
0 0.42421875 0.39140625 0.0296875 0.0609375