0 0.40703125 0.7140625 0.24375 0.309375
0 0.1796875 0.66171875 0.1625 0.4734375
0 0.45078125 0.190625 0.03125 0.0890625
0 0.478125 0.19296875 0.0234375 0.0859375
0 0.36171875 0.478125 0.015625 0.140625
0 0.38359375 0.47109375 0.0265625 0.1640625
0 0.43359375 0.4265625 0.025 0.034375
0 0.46328125 0.471875 0.0234375 0.15
0 0.4515625 0.37578125 0.0203125 0.084375
0 0.7078125 0.37265625 0.0328125 0.065625
0 0.3609375 0.39453125 0.0140625 0.0234375
0 0.83046875 0.06171875 0.0125 0.04375
0 0.46328125 0.1765625 0.0125 0.053125