0 0.9421875 0.24765625 0.0375 0.0671875
0 0.65078125 0.56796875 0.1359375 0.2015625
0 0.7390625 0.53828125 0.0875 0.2796875
0 0.41171875 0.49765625 0.1515625 0.3203125
0 0.18203125 0.284375 0.0515625 0.0734375
0 0.09375 0.33046875 0.0515625 0.184375
0 0.0515625 0.31484375 0.053125 0.1765625
0 0.63046875 0.23671875 0.0453125 0.0578125
0 0.5390625 0.2203125 0.06875 0.0765625
0 0.58671875 0.1375 0.0359375 0.0671875
0 0.34921875 0.18515625 0.021875 0.0453125
0 0.16875 0.16953125 0.0390625 0.0640625
0 0.85390625 0.4453125 0.059375 0.1265625