0 0.33515625 0.56328125 0.2765625 0.5890625
0 0.47109375 0.52109375 0.1140625 0.328125
0 0.59140625 0.45625 0.0421875 0.06875
0 0.546875 0.45390625 0.0296875 0.0796875
0 0.80234375 0.4640625 0.01875 0.0359375
0 0.65859375 0.4515625 0.025 0.059375
0 0.69765625 0.4671875 0.0296875 0.0453125
0 0.71875 0.46171875 0.0265625 0.0546875
0 0.83203125 0.4765625 0.025 0.05625
0 0.11796875 0.41015625 0.0390625 0.0515625
0 0.68828125 0.4390625 0.0234375 0.0359375
0 0.77109375 0.4625 0.0234375 0.05625
0 0.85078125 0.46953125 0.0171875 0.0359375