0 0.66171875 0.60078125 0.0265625 0.0546875
0 0.55625 0.5921875 0.0171875 0.059375
0 0.58671875 0.5921875 0.0234375 0.0578125
0 0.396875 0.58203125 0.00625 0.0265625
0 0.36015625 0.5859375 0.009375 0.03125
0 0.53046875 0.5796875 0.0109375 0.0296875
0 0.384375 0.5828125 0.0078125 0.028125
0 0.71015625 0.5890625 0.0140625 0.059375
0 0.33828125 0.6078125 0.01875 0.0734375
0 0.3046875 0.58828125 0.0109375 0.0328125
0 0.3703125 0.5828125 0.009375 0.028125
0 0.57109375 0.57890625 0.0109375 0.0328125
0 0.41875 0.615625 0.0390625 0.109375