0 0.26015625 0.8046875 0.0125 0.0421875
0 0.34375 0.78359375 0.0140625 0.0484375
0 0.41015625 0.77734375 0.0125 0.0375
0 0.38515625 0.7796875 0.009375 0.04375
0 0.4953125 0.7375 0.009375 0.034375
0 0.51171875 0.7421875 0.0125 0.0375
0 0.590625 0.7140625 0.009375 0.01875
0 0.32109375 0.784375 0.0140625 0.0390625
0 0.59921875 0.715625 0.003125 0.0140625
0 0.05078125 0.87109375 0.0359375 0.075
0 0.64296875 0.7046875 0.009375 0.0234375
0 0.56875 0.7234375 0.0140625 0.034375
0 0.36171875 0.78828125 0.0125 0.0515625