0 0.909375 0.8234375 0.0984375 0.2140625
0 0.88828125 0.74375 0.0921875 0.1734375
0 0.73359375 0.85 0.0953125 0.228125
0 0.64609375 0.50078125 0.0359375 0.046875
0 0.70234375 0.653125 0.09375 0.1109375
0 0.64296875 0.7890625 0.0703125 0.1859375
0 0.61484375 0.43671875 0.0390625 0.0703125
0 0.55859375 0.3046875 0.0109375 0.0125
0 0.69375 0.5859375 0.0578125 0.0875
0 0.58828125 0.50859375 0.0546875 0.0671875
0 0.71953125 0.7671875 0.075 0.128125
0 0.68125 0.73359375 0.0515625 0.1515625
0 0.67578125 0.515625 0.0390625 0.0640625