0 0.2078125 0.678125 0.109375 0.33125
0 0.10703125 0.11015625 0.0296875 0.0671875
0 0.17265625 0.559375 0.0234375 0.1125
0 0.090625 0.56640625 0.0375 0.1328125
0 0.05546875 0.56875 0.0296875 0.1421875
0 0.51328125 0.6109375 0.1515625 0.309375
0 0.3609375 0.70703125 0.15 0.2203125
0 0.34375 0.53984375 0.0203125 0.1078125
0 0.11171875 0.565625 0.025 0.140625
0 0.028125 0.57265625 0.0046875 0.1265625
0 0.40703125 0.4625 0.015625 0.05625
0 0.36953125 0.50234375 0.0171875 0.046875
0 0.6296875 0.45703125 0.015625 0.034375