0 0.434375 0.528125 0.0265625 0.08125
0 0.46875 0.521875 0.0296875 0.0671875
0 0.509375 0.509375 0.0296875 0.0515625
0 0.540625 0.5265625 0.0265625 0.0609375
0 0.60390625 0.5171875 0.0390625 0.0703125
0 0.83671875 0.5125 0.025 0.0609375
0 0.659375 0.51171875 0.028125 0.0703125
0 0.77890625 0.51484375 0.025 0.0609375
0 0.03671875 0.51015625 0.0296875 0.1078125
0 0.55625 0.503125 0.0125 0.01875
0 0.628125 0.5140625 0.028125 0.065625
0 0.575 0.5 0.0203125 0.0296875
0 0.80703125 0.5125 0.03125 0.0625