0 0.01328125 0.55078125 0.0265625 0.240625
0 0.153125 0.59765625 0.1125 0.3296875
0 0.5984375 0.54609375 0.165625 0.40625
0 0.87421875 0.503125 0.1265625 0.4296875
0 0.821875 0.496875 0.1015625 0.3859375
0 0.38046875 0.5296875 0.0359375 0.18125
0 0.69296875 0.37421875 0.028125 0.1578125
0 0.665625 0.37421875 0.03125 0.165625
0 0.6203125 0.39296875 0.025 0.1578125
0 0.57578125 0.3015625 0.0296875 0.059375
0 0.33671875 0.415625 0.0296875 0.0625
0 0.32890625 0.57578125 0.084375 0.3734375
0 0.2765625 0.48984375 0.0171875 0.053125