0 0.13203125 0.77109375 0.159375 0.2640625
0 0.2734375 0.76953125 0.1375 0.2578125
0 0.746875 0.7234375 0.0859375 0.209375
0 0.37265625 0.56171875 0.1046875 0.3296875
0 0.4515625 0.54609375 0.0890625 0.3453125
0 0.5234375 0.559375 0.078125 0.2890625
0 0.8328125 0.58359375 0.06875 0.2328125
0 0.57109375 0.715625 0.078125 0.2328125
0 0.56171875 0.66328125 0.1125 0.225
0 0.28125 0.53828125 0.08125 0.3078125
0 0.58125 0.51875 0.05625 0.2
0 0.7296875 0.56953125 0.0890625 0.3265625
0 0.040625 0.53828125 0.0578125 0.20625