0 0.5078125 0.71328125 0.2 0.4078125
0 0.86640625 0.51171875 0.0453125 0.09375
0 0.07109375 0.725 0.1421875 0.4171875
0 0.95859375 0.73671875 0.0828125 0.2265625
0 0.77734375 0.734375 0.1015625 0.25625
0 0.75234375 0.54765625 0.075 0.11875
0 0.40234375 0.74453125 0.0046875 0.19375
0 0.30546875 0.76640625 0.11875 0.2265625
0 0.36953125 0.46875 0.071875 0.14375
0 0.70546875 0.375 0.059375 0.1125
0 0.25703125 0.69375 0.096875 0.3875
0 0.82890625 0.54296875 0.078125 0.1078125
0 0.9015625 0.540625 0.071875 0.1015625