0 0.628125 0.6109375 0.3578125 0.6578125
0 0.0890625 0.45625 0.1515625 0.1859375
0 0.26328125 0.40859375 0.178125 0.1109375
0 0.396875 0.40078125 0.1234375 0.10625
0 0.3171875 0.49453125 0.1515625 0.1171875
0 0.34453125 0.53046875 0.0953125 0.0578125
0 0.8921875 0.503125 0.1078125 0.078125
0 0.77890625 0.41640625 0.128125 0.1234375
0 0.89609375 0.42734375 0.13125 0.10625
0 0.17109375 0.3890625 0.121875 0.10625
0 0.196875 0.51328125 0.20625 0.09375
0 0.44921875 0.496875 0.109375 0.1125
0 0.31875 0.3703125 0.09375 0.0890625