0 0.31875 0.23203125 0.0765625 0.371875
0 0.2046875 0.2125 0.10625 0.3765625
0 0.78828125 0.21640625 0.0421875 0.240625
0 0.81953125 0.2171875 0.046875 0.190625
0 0.7453125 0.22421875 0.078125 0.2234375
0 0.68828125 0.1578125 0.0515625 0.1671875
0 0.89296875 0.19765625 0.059375 0.1265625
0 0.50625 0.2375 0.0765625 0.175
0 0.92734375 0.19921875 0.040625 0.109375
0 0.96796875 0.2 0.0546875 0.08125
0 0.06796875 0.16328125 0.0703125 0.246875
0 0.1359375 0.22265625 0.0390625 0.2171875
0 0.44375 0.228125 0.0453125 0.1453125