0 0.45390625 0.6671875 0.0296875 0.0515625
0 0.64765625 0.58359375 0.021875 0.071875
0 0.5265625 0.9 0.0296875 0.05
0 0.78984375 0.88359375 0.01875 0.0515625
0 0.82578125 0.86953125 0.015625 0.0546875
0 0.4109375 0.55625 0.025 0.065625
0 0.334375 0.34140625 0.03125 0.0609375
0 0.3203125 0.309375 0.034375 0.071875
0 0.30625 0.2328125 0.0203125 0.046875
0 0.26875 0.9453125 0.0265625 0.0625
0 0.2046875 0.81953125 0.015625 0.065625
0 0.2375 0.821875 0.03125 0.0359375
0 0.39296875 0.5359375 0.03125 0.084375