0 0.9140625 0.47265625 0.078125 0.3375
0 0.85546875 0.4625 0.0609375 0.359375
0 0.79296875 0.4515625 0.0734375 0.3546875
0 0.73828125 0.47890625 0.05625 0.2890625
0 0.68828125 0.446875 0.0609375 0.3234375
0 0.10546875 0.46484375 0.0859375 0.340625
0 0.1765625 0.4609375 0.065625 0.328125
0 0.52109375 0.4625 0.0546875 0.290625
0 0.47421875 0.44765625 0.053125 0.3046875
0 0.4109375 0.4609375 0.0734375 0.3
0 0.24921875 0.44765625 0.071875 0.33125
0 0.57890625 0.43125 0.078125 0.3453125
0 0.31015625 0.45234375 0.065625 0.33125