0 0.6671875 0.7265625 0.109375 0.440625
0 0.89296875 0.72578125 0.1375 0.384375
0 0.803125 0.509375 0.028125 0.0390625
0 0.390625 0.73125 0.14140625 0.509375
0 0.7390625 0.6984375 0.0796875 0.303125
0 0.7953125 0.73359375 0.125 0.446875
0 0.4265625 0.60078125 0.0703125 0.1921875
0 0.96328125 0.56328125 0.04375 0.1265625
0 0.9234375 0.56171875 0.0265625 0.121875
0 0.8890625 0.53984375 0.025 0.08125
0 0.49375 0.68828125 0.075 0.3765625
0 0.52890625 0.55 0.046875 0.0765625
0 0.60390625 0.74375 0.1421875 0.5125
0 0.97734375 0.7390625 0.0453125 0.16875