0 0.71640625 0.70625 0.13125 0.5140625
0 0.08671875 0.678125 0.0828125 0.3609375
0 0.871875 0.57109375 0.096875 0.31875
0 0.521875 0.571875 0.053125 0.253125
0 0.77421875 0.3609375 0.01875 0.06875
0 0.76328125 0.39609375 0.021875 0.0984375
0 0.3140625 0.53984375 0.05 0.2640625
0 0.7984375 0.68359375 0.0953125 0.034375
0 0.2140625 0.571875 0.0609375 0.2546875
0 0.471875 0.5375 0.05 0.2234375
0 0.27890625 0.509375 0.040625 0.253125
0 0.18203125 0.51875 0.0265625 0.19375
0 0.38984375 0.553125 0.0625 0.2828125