0 0.07265625 0.86796875 0.0140625 0.0953125
0 0.56015625 0.8609375 0.0125 0.06875
0 0.2546875 0.88046875 0.0125 0.04375
0 0.290625 0.88046875 0.0203125 0.046875
0 0.41875 0.87265625 0.015625 0.0890625
0 0.43359375 0.87578125 0.015625 0.0890625
0 0.453125 0.87578125 0.0171875 0.0359375
0 0.059375 0.88046875 0.0171875 0.065625
0 0.4984375 0.8640625 0.0203125 0.0890625
0 0.1109375 0.8671875 0.0125 0.0890625
0 0.64375 0.8578125 0.015625 0.0734375
0 0.1375 0.8921875 0.0125 0.0265625
0 0.4015625 0.88046875 0.0140625 0.0296875