0 0.29453125 0.178125 0.2015625 0.35625
0 0.4703125 0.6328125 0.26875 0.70625
0 0.70703125 0.61875 0.20625 0.61875
0 0.60390625 0.428125 0.10625 0.4078125
0 0.1171875 0.20625 0.021875 0.0796875
0 0.0328125 0.22109375 0.0265625 0.0515625
0 0.1625 0.1625 0.0125 0.0421875
0 0.0609375 0.20703125 0.0140625 0.075
0 0.0171875 0.2234375 0.0171875 0.0734375
0 0.0890625 0.2109375 0.021875 0.0875
0 0.13046875 0.20390625 0.0203125 0.0734375
0 0.0734375 0.215625 0.01875 0.0640625
0 0.00546875 0.21640625 0.0109375 0.0734375