0 0.55625 0.64609375 0.05625 0.2359375
0 0.590625 0.87734375 0.0609375 0.2453125
0 0.496875 0.884375 0.08125 0.23125
0 0.375 0.859375 0.078125 0.2796875
0 0.50859375 0.73046875 0.0609375 0.1296875
0 0.61640625 0.72265625 0.0453125 0.2046875
0 0.27734375 0.70625 0.0640625 0.2640625
0 0.2234375 0.84296875 0.084375 0.3140625
0 0.3078125 0.51796875 0.05625 0.14375
0 0.65625 0.88359375 0.084375 0.2296875
0 0.36875 0.678125 0.059375 0.1828125
0 0.7671875 0.90390625 0.08125 0.1921875
0 0.8703125 0.85078125 0.06875 0.2984375
0 0.68671875 0.703125 0.0640625 0.16171875
0 0.67890625 0.6046875 0.065625 0.109375
0 0.8078125 0.5734375 0.0609375 0.13515625
0 0.840625 0.55859375 0.03671875 0.06796875
0 0.90859375 0.640625 0.08125 0.16484375
0 0.93359375 0.5421875 0.05234375 0.05859375
0 0.91015625 0.5109375 0.05234375 0.08125
0 0.91875 0.4546875 0.0484375 0.05703125
0 0.8578125 0.46171875 0.05703125 0.11640625
0 0.090625 0.44921875 0.0765625 0.128125
0 0.14140625 0.41953125 0.0609375 0.1578125
0 0.18671875 0.41796875 0.05859375 0.1859375
0 0.45234375 0.27734375 0.04140625 0.10546875
0 0.48671875 0.2875 0.02734375 0.13203125
0 0.525 0.33125 0.05 0.13359375
0 0.55390625 0.27421875 0.034375 0.07109375
0 0.58984375 0.2484375 0.04296875 0.08203125
0 0.62890625 0.27109375 0.0328125 0.121875
0 0.84609375 0.21875 0.04375 0.0625
0 0.83671875 0.28515625 0.04296875 0.11640625
0 0.8578125 0.3125 0.034375 0.0765625
0 0.871875 0.34453125 0.02578125 0.09765625
0 0.90625 0.36171875 0.03984375 0.08671875
0 0.94140625 0.37109375 0.04140625 0.08984375