0 0.26796875 0.5859375 0.0421875 0.1171875
0 0.4609375 0.59765625 0.0734375 0.11875
0 0.6140625 0.62734375 0.1109375 0.4265625
0 0.67890625 0.6234375 0.040625 0.1703125
0 0.71953125 0.59765625 0.0640625 0.109375
0 0.7453125 0.52421875 0.0046875 0.0796875
0 0.7609375 0.58828125 0.0359375 0.0890625
0 0.9734375 0.58046875 0.04375 0.04375
0 0.46015625 0.5609375 0.021875 0.0765625
0 0.52578125 0.5546875 0.0265625 0.0796875
0 0.228125 0.57890625 0.071875 0.1359375
0 0.546875 0.646875 0.075 0.1359375
0 0.6875 0.55625 0.015625 0.025