0 0.10859375 0.68203125 0.121875 0.6265625
0 0.03984375 0.62734375 0.0796875 0.7375
0 0.49453125 0.58984375 0.1359375 0.8203125
0 0.27578125 0.6578125 0.1078125 0.684375
0 0.74765625 0.63125 0.134375 0.7375
0 0.6671875 0.65390625 0.1 0.6921875
0 0.86875 0.64375 0.075 0.7046875
0 0.559375 0.2359375 0.0546875 0.11875
0 0.1875 0.6046875 0.0984375 0.7703125
0 0.41015625 0.6328125 0.121875 0.709375
0 0.96015625 0.6390625 0.0796875 0.721875
0 0.82109375 0.64765625 0.0953125 0.696875
0 0.14140625 0.375 0.046875 0.2453125