0 0.6625 0.625 0.2546875 0.7265625
0 0.5375 0.68046875 0.1421875 0.6046875
0 0.975 0.54296875 0.05 0.4921875
0 0.76875 0.61328125 0.0859375 0.7265625
0 0.821875 0.4609375 0.0453125 0.1125
0 0.2078125 0.5265625 0.1859375 0.3859375
0 0.20078125 0.25546875 0.1125 0.3
0 0.375 0.52578125 0.134375 0.403125
0 0.5546875 0.41796875 0.1359375 0.3375
0 0.075 0.33125 0.1171875 0.3328125
0 0.34609375 0.37109375 0.08125 0.1984375
0 0.09765625 0.14609375 0.1140625 0.2765625
0 0.125 0.32421875 0.0765625 0.259375