0 0.61015625 0.184375 0.021875 0.1
0 0.73125 0.2625 0.059375 0.13125
0 0.90390625 0.21015625 0.040625 0.0859375
0 0.08671875 0.39765625 0.034375 0.1484375
0 0.31015625 0.75 0.1375 0.2453125
0 0.73125 0.059375 0.0203125 0.0234375
0 0.22109375 0.078125 0.0234375 0.0296875
0 0.44296875 0.140625 0.0171875 0.04375
0 0.06875 0.24140625 0.0046875 0.1
0 0.21171875 0.96953125 0.03125 0.0375
0 0.09296875 0.21328125 0.0359375 0.05
0 0.13671875 0.371875 0.0265625 0.1359375
0 0.1046875 0.2125 0.0265625 0.1015625