0 0.73046875 0.77578125 0.078125 0.265625
0 0.9 0.7984375 0.125 0.0609375
0 0.3546875 0.796875 0.0453125 0.13125
0 0.40078125 0.7984375 0.0265625 0.1328125
0 0.10390625 0.8109375 0.021875 0.0640625
0 0.6828125 0.77890625 0.0421875 0.0453125
0 0.17421875 0.7625 0.009375 0.03125
0 0.0296875 0.915625 0.0578125 0.075
0 0.0828125 0.8796875 0.090625 0.0375
0 0.46015625 0.73984375 0.01875 0.0359375
0 0.13203125 0.784375 0.0125 0.05
0 0.62578125 0.75078125 0.0125 0.05625
0 0.0796875 0.78203125 0.009375 0.0375