0 0.47109375 0.409375 0.0140625 0.0515625
0 0.075 0.43671875 0.0078125 0.03125
0 0.0046875 0.43671875 0.0046875 0.0265625
0 0.684375 0.50703125 0.0125 0.0234375
0 0.7171875 0.51796875 0.0328125 0.01875
0 0.7375 0.50625 0.0171875 0.0234375
0 0.85625 0.49140625 0.01875 0.0515625
0 0.646875 0.45859375 0.00625 0.0234375
0 0.83125 0.46484375 0.009375 0.0125
0 0.97109375 0.46640625 0.0078125 0.0234375
0 0.58515625 0.45859375 0.0078125 0.0203125
0 0.1890625 0.67734375 0.3671875 0.5078125
0 0.52734375 0.434375 0.00625 0.0203125