0 0.45703125 0.55 0.190625 0.634375
0 0.721875 0.42421875 0.071875 0.3078125
0 0.8296875 0.42421875 0.103125 0.30625
0 0.9546875 0.34140625 0.0296875 0.1296875
0 0.21796875 0.2625 0.0109375 0.0140625
0 0.29140625 0.3859375 0.0765625 0.25625
0 0.346875 0.3828125 0.0671875 0.2875
0 0.13046875 0.38359375 0.053125 0.234375
0 0.05859375 0.36015625 0.0625 0.2359375
0 0.3359375 0.38359375 0.0421875 0.2328125
0 0.37265625 0.27421875 0.0359375 0.0984375
0 0.65 0.409375 0.08125 0.30625
0 0.03515625 0.29453125 0.0171875 0.0796875