0 0.25234375 0.64609375 0.01875 0.0421875
0 0.06796875 0.721875 0.121875 0.2171875
0 0.46796875 0.69296875 0.0890625 0.1515625
0 0.17109375 0.68203125 0.0234375 0.0359375
0 0.24765625 0.709375 0.0375 0.09375
0 0.078125 0.82109375 0.1421875 0.2390625
0 0.2953125 0.8875 0.1609375 0.225
0 0.69765625 0.83828125 0.571875 0.3234375
0 0.29375 0.72578125 0.028125 0.0546875
0 0.82578125 0.80859375 0.1078125 0.1296875
0 0.38515625 0.73125 0.0671875 0.21875
0 0.21953125 0.665625 0.0265625 0.0609375
0 0.28984375 0.67734375 0.021875 0.05625