0 0.75234375 0.61171875 0.18125 0.359375
0 0.52578125 0.47578125 0.08359375 0.2046875
0 0.84609375 0.490625 0.0390625 0.1515625
0 0.825 0.29375 0.025 0.075
0 0.6671875 0.19453125 0.034375 0.075
0 0.1046875 0.57890625 0.04375 0.0671875
0 0.64453125 0.22890625 0.021875 0.0546875
0 0.703125 0.2828125 0.0265625 0.0703125
0 0.23828125 0.65 0.1828125 0.3546875
0 0.44296875 0.3609375 0.0328125 0.0765625
0 0.4171875 0.3859375 0.028125 0.059375
0 0.39375 0.4109375 0.0265625 0.053125
0 0.378125 0.334375 0.025 0.0640625