0 0.89765625 0.4375 0.0359375 0.040625
0 0.54921875 0.3984375 0.0296875 0.040625
0 0.82109375 0.42578125 0.028125 0.0421875
0 0.56796875 0.36015625 0.01875 0.0453125
0 0.34921875 0.59375 0.0953125 0.240625
0 0.06015625 0.4609375 0.1203125 0.2796875
0 0.0328125 0.16640625 0.028125 0.046875
0 0.653125 0.37109375 0.0265625 0.065625
0 0.47265625 0.325 0.0234375 0.05625
0 0.46953125 0.5296875 0.0671875 0.25
0 0.86953125 0.38984375 0.021875 0.06875
0 0.93828125 0.44453125 0.034375 0.0421875
0 0.403125 0.36484375 0.021875 0.040625