0 0.45859375 0.74140625 0.1953125 0.5171875
0 0.25234375 0.61328125 0.1984375 0.75
0 0.45859375 0.23671875 0.021875 0.1375
0 0.60546875 0.25859375 0.0546875 0.1296875
0 0.21015625 0.2390625 0.01875 0.0828125
0 0.49140625 0.2515625 0.0375 0.1296875
0 0.1640625 0.24921875 0.025 0.1015625
0 0.56875 0.24375 0.015625 0.0421875
0 0.9421875 0.2890625 0.071875 0.215625
0 0.18125 0.240625 0.021875 0.0875
0 0.58828125 0.253125 0.0109375 0.078125
0 0.27890625 0.24296875 0.0203125 0.078125
0 0.18359375 0.16640625 0.0109375 0.0265625