0 0.05859375 0.0921875 0.0375 0.0953125
0 0.08984375 0.10703125 0.0453125 0.1734375
0 0.12109375 0.10546875 0.0375 0.071875
0 0.146875 0.14765625 0.0390625 0.178125
0 0.47578125 0.775 0.0765625 0.2828125
0 0.25390625 0.115625 0.04375 0.0578125
0 0.53359375 0.76328125 0.08125 0.203125
0 0.309375 0.11015625 0.03125 0.0765625
0 0.21953125 0.1109375 0.0359375 0.0671875
0 0.33828125 0.0734375 0.034375 0.146875
0 0.2109375 0.51953125 0.053125 0.1359375
0 0.09453125 0.690625 0.0671875 0.2203125
0 0.21953125 0.04296875 0.028125 0.0859375