0 0.3859375 0.50703125 0.1125 0.2421875
0 0.6359375 0.5109375 0.096875 0.175
0 0.68203125 0.5 0.0515625 0.1578125
0 0.80078125 0.534375 0.0515625 0.1
0 0.18125 0.4625 0.015625 0.0859375
0 0.2234375 0.459375 0.0234375 0.096875
0 0.3296875 0.4765625 0.0171875 0.0640625
0 0.19765625 0.4515625 0.0171875 0.096875
0 0.82734375 0.51953125 0.0125 0.0671875
0 0.128125 0.440625 0.028125 0.11875
0 0.2609375 0.4640625 0.0140625 0.096875
0 0.45703125 0.503125 0.021875 0.04375
0 0.57109375 0.5015625 0.0140625 0.06875