0 0.27421875 0.753125 0.1140625 0.4640625
0 0.7234375 0.690625 0.04375 0.34375
0 0.821875 0.61953125 0.028125 0.09375
0 0.92890625 0.78359375 0.0828125 0.2078125
0 0.08828125 0.5984375 0.015625 0.0703125
0 0.065625 0.59609375 0.0125 0.0734375
0 0.16171875 0.58984375 0.0046875 0.01875
0 0.61796875 0.75078125 0.20625 0.4984375
0 0.04375 0.60078125 0.015625 0.0546875
0 0.8375 0.5921875 0.0140625 0.034375
0 0.01015625 0.59609375 0.0171875 0.071875
0 0.02734375 0.5953125 0.0171875 0.0640625
0 0.153125 0.58984375 0.00625 0.01875