0 0.41640625 0.88046875 0.1671875 0.21875
0 0.5796875 0.896875 0.134375 0.20625
0 0.94921875 0.88671875 0.1015625 0.2265625
0 0.84765625 0.89375 0.1078125 0.1765625
0 0.08671875 0.840625 0.053125 0.0890625
0 0.18515625 0.871875 0.2125 0.2328125
0 0.0625 0.859375 0.121875 0.25625
0 0.78671875 0.81640625 0.0765625 0.1484375
0 0.2796875 0.86875 0.1171875 0.2609375
0 0.659375 0.875 0.078125 0.25
0 0.72890625 0.88359375 0.0625 0.2265625
0 0.45390625 0.778125 0.0546875 0.0625
0 0.4078125 0.76875 0.0296875 0.0453125