0 0.17265625 0.52890625 0.0859375 0.3890625
0 0.259375 0.43125 0.078125 0.2328125
0 0.3421875 0.40546875 0.0953125 0.225
0 0.51953125 0.4375 0.0984375 0.259375
0 0.0765625 0.5109375 0.1046875 0.46875
0 0.65078125 0.61015625 0.0859375 0.2640625
0 0.5734375 0.61171875 0.0921875 0.2609375
0 0.41640625 0.60859375 0.075 0.2546875
0 0.32890625 0.5921875 0.1328125 0.3234375
0 0.21796875 0.5984375 0.096875 0.315625
0 0.4984375 0.61484375 0.0765625 0.24375
0 0.74453125 0.6125 0.0953125 0.28125
0 0.8453125 0.6 0.159375 0.303125