0 0.77578125 0.8015625 0.1046875 0.3734375
0 0.01796875 0.65390625 0.0359375 0.184375
0 0.6203125 0.67578125 0.021875 0.059375
0 0.57109375 0.65703125 0.01875 0.065625
0 0.51875 0.65859375 0.0265625 0.0859375
0 0.49609375 0.65703125 0.021875 0.078125
0 0.7453125 0.671875 0.028125 0.059375
0 0.66484375 0.6921875 0.021875 0.1109375
0 0.31796875 0.61171875 0.0140625 0.071875
0 0.37890625 0.62265625 0.0234375 0.06875
0 0.6796875 0.7 0.021875 0.059375
0 0.59609375 0.6609375 0.015625 0.06875
0 0.71171875 0.725 0.0375 0.2203125