0 0.59453125 0.80078125 0.18125 0.3984375
0 0.68984375 0.82890625 0.0859375 0.2671875
0 0.9453125 0.84375 0.0703125 0.3125
0 0.91875 0.78203125 0.071875 0.24375
0 0.746875 0.79609375 0.071875 0.2578125
0 0.29140625 0.79765625 0.0671875 0.2453125
0 0.46015625 0.69296875 0.0203125 0.0796875
0 0.44609375 0.703125 0.0234375 0.0921875
0 0.50703125 0.72109375 0.046875 0.1828125
0 0.67734375 0.75703125 0.0625 0.0921875
0 0.12890625 0.7125 0.0203125 0.0609375
0 0.2140625 0.79453125 0.078125 0.2046875
0 0.1359375 0.66640625 0.021875 0.0671875