0 0.596875 0.51953125 0.1203125 0.54375
0 0.82734375 0.5828125 0.16875 0.578125
0 0.42265625 0.5265625 0.140625 0.5640625
0 0.15234375 0.37109375 0.0203125 0.053125
0 0.90703125 0.603125 0.075 0.159375
0 0.68203125 0.49921875 0.059375 0.33125
0 0.24765625 0.36171875 0.0375 0.065625
0 0.70234375 0.3734375 0.04375 0.1234375
0 0.521875 0.4296875 0.040625 0.2296875
0 0.50078125 0.39375 0.025 0.1421875
0 0.190625 0.5046875 0.03125 0.2078125
0 0.09375 0.45078125 0.021875 0.0671875
0 0.215625 0.3796875 0.03125 0.084375