0 0.07578125 0.30234375 0.040625 0.196875
0 0.20546875 0.26953125 0.0515625 0.20625
0 0.25390625 0.2578125 0.0515625 0.290625
0 0.30703125 0.28359375 0.0515625 0.23125
0 0.4375 0.28203125 0.0328125 0.203125
0 0.5375 0.2984375 0.04375 0.23125
0 0.3 0.80078125 0.053125 0.234375
0 0.40234375 0.803125 0.0375 0.196875
0 0.090625 0.7890625 0.025 0.1890625
0 0.56328125 0.809375 0.0359375 0.1921875
0 0.16328125 0.28828125 0.04375 0.196875
0 0.93671875 0.29765625 0.034375 0.1875
0 0.15546875 0.81015625 0.0328125 0.1828125