0 0.42265625 0.73515625 0.1375 0.26875
0 0.31875 0.896875 0.159375 0.2046875
0 0.396875 0.5375 0.0734375 0.1265625
0 0.12421875 0.56484375 0.0515625 0.0859375
0 0.1328125 0.63828125 0.1203125 0.1890625
0 0.1765625 0.6 0.0859375 0.1515625
0 0.59453125 0.42890625 0.0546875 0.1171875
0 0.053125 0.6 0.078125 0.26875
0 0.221875 0.81171875 0.1328125 0.35
0 0.95 0.91484375 0.1 0.1703125
0 0.90234375 0.709375 0.08125 0.1453125
0 0.52109375 0.64375 0.0609375 0.1078125
0 0.6078125 0.73828125 0.1640625 0.35625