0 0.20625 0.621875 0.0546875 0.2265625
0 0.153125 0.53515625 0.0375 0.1671875
0 0.11171875 0.03828125 0.0421875 0.0765625
0 0.27578125 0.31484375 0.053125 0.20625
0 0.6609375 0.36796875 0.0390625 0.1953125
0 0.78515625 0.71484375 0.084375 0.159375
0 0.92421875 0.50859375 0.040625 0.2125
0 0.7640625 0.1296875 0.0375 0.1953125
0 0.465625 0.13203125 0.0421875 0.1875
0 0.35234375 0.3171875 0.0546875 0.1875
0 0.12421875 0.6015625 0.03125 0.1703125
0 0.2109375 0.31953125 0.0375 0.1703125
0 0.590625 0.371875 0.03125 0.1921875