0 0.7328125 0.74609375 0.1890625 0.4578125
0 0.8546875 0.47578125 0.1140625 0.1703125
0 0.321875 0.58671875 0.1984375 0.3140625
0 0.240625 0.496875 0.1015625 0.1828125
0 0.14296875 0.44140625 0.090625 0.2109375
0 0.25390625 0.353125 0.0640625 0.10625
0 0.909375 0.63046875 0.1625 0.2609375
0 0.0421875 0.671875 0.084375 0.3328125
0 0.65703125 0.59921875 0.1421875 0.3265625
0 0.934375 0.434375 0.096875 0.1515625
0 0.896875 0.84765625 0.2046875 0.3
0 0.315625 0.41796875 0.0875 0.15
0 0.16640625 0.36796875 0.0453125 0.0875
0 0.39453125 0.37578125 0.078125 0.09765625
0 0.5328125 0.43671875 0.0625 0.13203125