0 0.36328125 0.74453125 0.2359375 0.471875
0 0.17265625 0.653125 0.134375 0.3734375
0 0.6828125 0.56640625 0.0625 0.2015625
0 0.9265625 0.5828125 0.0890625 0.2078125
0 0.034375 0.5328125 0.040625 0.0484375
0 0.03203125 0.49453125 0.0234375 0.0390625
0 0.63671875 0.6953125 0.1921875 0.3453125
0 0.8265625 0.59921875 0.1359375 0.2703125
0 0.25390625 0.5984375 0.08125 0.2109375
0 0.8609375 0.490625 0.0296875 0.071875
0 0.7609375 0.50078125 0.053125 0.0703125
0 0.51640625 0.59453125 0.0515625 0.25625