0 0.80390625 0.56875 0.1828125 0.3421875
0 0.609375 0.628125 0.1859375 0.2234375
0 0.55703125 0.09296875 0.0453125 0.046875
0 0.30859375 0.5546875 0.23125 0.29375
0 0.46796875 0.0578125 0.0421875 0.040625
0 0.440625 0.075 0.0390625 0.040625
0 0.425 0.06328125 0.03125 0.04375
0 0.85234375 0.10390625 0.0671875 0.053125
0 0.378125 0.053125 0.0703125 0.05
0 0.77578125 0.25390625 0.1359375 0.0671875
0 0.87578125 0.25703125 0.0390625 0.071875
0 0.934375 0.11328125 0.0515625 0.0390625
0 0.83984375 0.071875 0.0890625 0.059375