0 0.7171875 0.66015625 0.196875 0.3734375
0 0.51171875 0.690625 0.15 0.325
0 0.5984375 0.634375 0.1078125 0.2921875
0 0.4546875 0.61015625 0.1828125 0.278125
0 0.20703125 0.67890625 0.2640625 0.3421875
0 0.95546875 0.4765625 0.0296875 0.0578125
0 0.8984375 0.46953125 0.0375 0.06875
0 0.865625 0.471875 0.0375 0.059375
0 0.3296875 0.58046875 0.1140625 0.1515625
0 0.97578125 0.49375 0.046875 0.0859375
0 0.9890625 0.45390625 0.0203125 0.021875
0 0.7859375 0.471875 0.0421875 0.04375
0 0.83515625 0.46875 0.04375 0.0625