0 0.66796875 0.61953125 0.1578125 0.328125
0 0.365625 0.6671875 0.1453125 0.2765625
0 0.05078125 0.2390625 0.0375 0.0609375
0 0.16640625 0.2328125 0.028125 0.0625
0 0.24609375 0.2796875 0.0359375 0.09375
0 0.46875 0.696875 0.125 0.24375
0 0.50234375 0.1734375 0.0203125 0.0515625
0 0.6296875 0.17578125 0.021875 0.0515625
0 0.7984375 0.1859375 0.021875 0.0515625
0 0.509375 0.2203125 0.0171875 0.046875
0 0.540625 0.4109375 0.0375 0.0671875
0 0.5234375 0.078125 0.028125 0.0609375
0 0.3796875 0.125 0.0234375 0.0578125