0 0.46875 0.53828125 0.49375 0.8875
0 0.1609375 0.2515625 0.0921875 0.2640625
0 0.853125 0.3609375 0.08125 0.0859375
0 0.50078125 0.06875 0.0875 0.1375
0 0.77578125 0.7375 0.1421875 0.3984375
0 0.83203125 0.1359375 0.1125 0.1546875
0 0.0609375 0.16875 0.10625 0.1453125
0 0.91953125 0.3 0.096875 0.175
0 0.92578125 0.73984375 0.1046875 0.384375
0 0.74765625 0.2765625 0.1359375 0.2359375
0 0.66171875 0.68984375 0.078125 0.2921875
0 0.32734375 0.7578125 0.109375 0.3515625
0 0.22734375 0.7625 0.1453125 0.34375