0 0.41796875 0.5953125 0.259375 0.5296875
0 0.87265625 0.39453125 0.146875 0.190625
0 0.9734375 0.37578125 0.053125 0.153125
0 0.4765625 0.31015625 0.1140625 0.09375
0 0.6890625 0.28046875 0.1359375 0.11875
0 0.603125 0.37734375 0.146875 0.215625
0 0.31171875 0.284375 0.1234375 0.125
0 0.171875 0.2609375 0.11875 0.0859375
0 0.71015625 0.384375 0.1875 0.2015625
0 0.6796875 0.15234375 0.13125 0.146875
0 0.5984375 0.22421875 0.159375 0.1453125
0 0.2359375 0.22109375 0.1359375 0.1671875
0 0.92890625 0.17109375 0.1265625 0.1671875