0 0.8515625 0.6609375 0.053125 0.240625
0 0.67578125 0.6671875 0.046875 0.246875
0 0.17421875 0.646875 0.0453125 0.16875
0 0.746875 0.62265625 0.021875 0.059375
0 0.3296875 0.67734375 0.0375 0.0734375
0 0.265625 0.64140625 0.040625 0.14375
0 0.22890625 0.6515625 0.0171875 0.05625
0 0.40625 0.6421875 0.0203125 0.115625
0 0.7296875 0.68359375 0.034375 0.0703125
0 0.5921875 0.625 0.0234375 0.10625
0 0.21328125 0.6328125 0.01875 0.0515625
0 0.540625 0.6671875 0.0875 0.0796875
0 0.4546875 0.60703125 0.028125 0.046875