0 0.415625 0.71484375 0.01875 0.0609375
0 0.15390625 0.68203125 0.01875 0.03125
0 0.67578125 0.78125 0.05625 0.1421875
0 0.7046875 0.709375 0.0328125 0.10625
0 0.396875 0.78671875 0.0515625 0.16875
0 0.0375 0.78828125 0.0671875 0.2203125
0 0.1515625 0.7625 0.04375 0.1125
0 0.51015625 0.68828125 0.0078125 0.0296875
0 0.596875 0.79609375 0.0765625 0.2703125
0 0.63671875 0.75234375 0.0203125 0.05625
0 0.18984375 0.72109375 0.021875 0.0875
0 0.1109375 0.73359375 0.01875 0.075
0 0.13828125 0.71796875 0.0140625 0.0375