0 0.45859375 0.825 0.35 0.35
0 0.778125 0.81640625 0.01875 0.0453125
0 0.77265625 0.80625 0.0140625 0.0296875
0 0.22421875 0.77890625 0.0171875 0.03125
0 0.23515625 0.7828125 0.0109375 0.0171875
0 0.05625 0.771875 0.01875 0.03125
0 0.15546875 0.7765625 0.01875 0.0265625
0 0.19765625 0.78671875 0.01875 0.0125
0 0.20546875 0.78125 0.01875 0.0125
0 0.28828125 0.7890625 0.0125 0.0140625
0 0.73984375 0.8234375 0.01875 0.0265625
0 0.70390625 0.82109375 0.0328125 0.028125
0 0.896875 0.81015625 0.0265625 0.0578125