0 0.2375 0.20234375 0.0546875 0.196875
0 0.4453125 0.346875 0.1953125 0.33125
0 0.53984375 0.2609375 0.0859375 0.1359375
0 0.7 0.303125 0.05 0.1421875
0 0.75234375 0.3890625 0.0703125 0.309375
0 0.90234375 0.5 0.1953125 0.4265625
0 0.8203125 0.35390625 0.071875 0.2578125
0 0.8734375 0.35234375 0.071875 0.2453125
0 0.6765625 0.2203125 0.0375 0.08125
0 0.68671875 0.62890625 0.0984375 0.3671875
0 0.34765625 0.34453125 0.0953125 0.4125
0 0.2859375 0.32890625 0.065625 0.3671875
0 0.04609375 0.2890625 0.0765625 0.128125