0 0.46640625 0.83046875 0.0125 0.053125
0 0.621875 0.81875 0.021875 0.0890625
0 0.18203125 0.83984375 0.021875 0.0765625
0 0.44140625 0.83125 0.015625 0.053125
0 0.4328125 0.83046875 0.0109375 0.0578125
0 0.39921875 0.83046875 0.01875 0.065625
0 0.3015625 0.809375 0.00625 0.0296875
0 0.3640625 0.80234375 0.0078125 0.025
0 0.33984375 0.80546875 0.0046875 0.009375
0 0.25078125 0.821875 0.0078125 0.01875
0 0.41640625 0.83046875 0.0171875 0.0625
0 0.3734375 0.81015625 0.0046875 0.0109375
0 0.84296875 0.74375 0.0078125 0.028125