0 0.23046875 0.7640625 0.05625 0.1921875
0 0.55 0.61015625 0.015625 0.05
0 0.771875 0.55625 0.00625 0.028125
0 0.59453125 0.52265625 0.003125 0.009375
0 0.08984375 0.66640625 0.0109375 0.021875
0 0.0828125 0.65859375 0.0078125 0.0203125
0 0.81015625 0.5625 0.0078125 0.034375
0 0.73984375 0.5078125 0.00625 0.025
0 0.39609375 0.72109375 0.0421875 0.1828125
0 0.87421875 0.56875 0.009375 0.0375
0 0.4984375 0.5078125 0.0078125 0.0171875
0 0.9 0.52109375 0.00625 0.0171875
0 0.49765625 0.6046875 0.009375 0.040625