0 0.88515625 0.67734375 0.05 0.2171875
0 0.20546875 0.66328125 0.0390625 0.178125
0 0.08046875 0.6515625 0.0296875 0.1734375
0 0.1109375 0.65078125 0.040625 0.1734375
0 0.13046875 0.64921875 0.0234375 0.1578125
0 0.23515625 0.65546875 0.0375 0.1640625
0 0.90859375 0.66796875 0.0234375 0.1828125
0 0.92578125 0.6296875 0.0203125 0.0890625
0 0.5390625 0.6015625 0.0421875 0.1640625
0 0.18515625 0.653125 0.0234375 0.159375
0 0.715625 0.61640625 0.0125 0.0375
0 0.18671875 0.57734375 0.0203125 0.0515625