0 0.46015625 0.30078125 0.11875 0.2296875
0 0.2765625 0.60703125 0.040625 0.240625
0 0.203125 0.60703125 0.040625 0.2453125
0 0.2390625 0.6546875 0.0375 0.234375
0 0.16640625 0.65 0.046875 0.259375
0 0.13359375 0.66171875 0.040625 0.2453125
0 0.04921875 0.66875 0.0421875 0.253125
0 0.096875 0.65546875 0.046875 0.271875
0 0.01640625 0.68125 0.0328125 0.25
0 0.22890625 0.56171875 0.01875 0.065625
0 0.29453125 0.5609375 0.0140625 0.0390625
0 0.303125 0.5375 0.009375 0.025
0 0.965625 0.63828125 0.0265625 0.1265625