0 0.40859375 0.71875 0.2140625 0.3375
0 0.16875 0.66484375 0.3078125 0.4453125
0 0.77109375 0.18046875 0.0640625 0.0984375
0 0.71015625 0.17890625 0.0640625 0.1046875
0 0.78515625 0.1453125 0.0734375 0.1734375
0 0.725 0.640625 0.2625 0.5265625
0 0.9171875 0.16171875 0.0828125 0.128125
0 0.9671875 0.134375 0.065625 0.165625
0 0.828125 0.08671875 0.05 0.1140625
0 0.7734375 0.54921875 0.0640625 0.1375
0 0.6046875 0.1828125 0.0765625 0.1046875
0 0.51328125 0.18515625 0.0859375 0.109375
0 0.57265625 0.1546875 0.0875 0.1640625