0 0.35546875 0.409375 0.0421875 0.1875
0 0.25625 0.41015625 0.0828125 0.1671875
0 0.21171875 0.41171875 0.040625 0.1734375
0 0.909375 0.32578125 0.0515625 0.10625
0 0.23984375 0.29765625 0.01875 0.0265625
0 0.15546875 0.35078125 0.025 0.0953125
0 0.11015625 0.33515625 0.0203125 0.0609375
0 0.17265625 0.35234375 0.0171875 0.0984375
0 0.20703125 0.34453125 0.028125 0.0734375
0 0.09375 0.328125 0.0171875 0.0375
0 0.28671875 0.353125 0.028125 0.1109375
0 0.37421875 0.33203125 0.0140625 0.0390625
0 0.38984375 0.396875 0.0265625 0.1765625