0 0.73828125 0.90078125 0.06875 0.18125
0 0.5734375 0.90703125 0.13125 0.1859375
0 0.45 0.91328125 0.096875 0.1734375
0 0.9328125 0.91484375 0.040625 0.1703125
0 0.27421875 0.83515625 0.03125 0.0890625
0 0.26328125 0.87890625 0.0296875 0.0953125
0 0.18046875 0.86953125 0.0390625 0.11875
0 0.09765625 0.83671875 0.0234375 0.0390625
0 0.68203125 0.89140625 0.0390625 0.0859375
0 0.8375 0.85625 0.028125 0.11875
0 0.85390625 0.85 0.0234375 0.1078125
0 0.80546875 0.8375 0.028125 0.05625
0 0.6046875 0.84296875 0.015625 0.0640625