0 0.928125 0.42421875 0.1390625 0.1765625
0 0.334375 0.47265625 0.103125 0.1609375
0 0.1296875 0.48125 0.10078125 0.14453125
0 0.2921875 0.37265625 0.0734375 0.1234375
0 0.16015625 0.38828125 0.08125 0.1265625
0 0.6546875 0.40390625 0.0484375 0.0984375
0 0.571875 0.37890625 0.0703125 0.0625
0 0.71484375 0.38984375 0.0328125 0.0328125
0 0.79765625 0.31171875 0.0109375 0.01875
0 0.38046875 0.4 0.1 0.15
0 0.1859375 0.38203125 0.040625 0.1046875
0 0.74296875 0.390625 0.0296875 0.0359375
0 0.82734375 0.3875 0.0296875 0.0375