0 0.77265625 0.66875 0.084375 0.2125
0 0.84140625 0.66015625 0.053125 0.2171875
0 0.7078125 0.6171875 0.0609375 0.1125
0 0.2375 0.63828125 0.03125 0.08125
0 0.9203125 0.6203125 0.040625 0.103125
0 0.50078125 0.609375 0.03125 0.0421875
0 0.8203125 0.6296875 0.03125 0.15625
0 0.67421875 0.61015625 0.0265625 0.0703125
0 0.6125 0.6890625 0.14375 0.23125
0 0.8234375 0.55859375 0.0359375 0.0796875
0 0.45 0.58671875 0.0171875 0.0296875
0 0.4578125 0.59609375 0.0078125 0.0109375
0 0.5078125 0.60078125 0.0125 0.0203125