0 0.55078125 0.68515625 0.1125 0.2765625
0 0.4984375 0.45390625 0.0890625 0.1734375
0 0.6515625 0.54921875 0.0734375 0.215625
0 0.11015625 0.86171875 0.0875 0.171875
0 0.15234375 0.203125 0.0828125 0.228125
0 0.2625 0.2078125 0.0640625 0.2109375
0 0.56640625 0.0953125 0.05 0.190625
0 0.61015625 0.11015625 0.0546875 0.2203125
0 0.21171875 0.4984375 0.0921875 0.24375
0 0.83671875 0.34609375 0.0734375 0.2625
0 0.46015625 0.06953125 0.059375 0.1359375
0 0.05703125 0.2265625 0.1078125 0.2390625
0 0.975 0.40234375 0.05 0.2109375