0 0.2953125 0.5796875 0.315625 0.8046875
0 0.45625 0.50625 0.2125 0.859375
0 0.23671875 0.70625 0.1265625 0.4515625
0 0.0359375 0.70546875 0.071875 0.4734375
0 0.33984375 0.7234375 0.13125 0.5171875
0 0.665625 0.70546875 0.0703125 0.3296875
0 0.5609375 0.83359375 0.059375 0.15
0 0.696875 0.83515625 0.090625 0.1703125
0 0.86796875 0.84140625 0.0921875 0.159375
0 0.78828125 0.83515625 0.0875 0.1609375
0 0.96328125 0.84453125 0.0734375 0.153125
0 0.0296875 0.75 0.05625 0.140625
0 0.44296875 0.81875 0.0359375 0.15