0 0.1265625 0.6296875 0.115625 0.203125
0 0.18359375 0.53203125 0.021875 0.103125
0 0.3390625 0.51796875 0.034375 0.1390625
0 0.4203125 0.51796875 0.021875 0.125
0 0.5890625 0.53203125 0.1015625 0.3875
0 0.88515625 0.490625 0.0171875 0.0515625
0 0.9421875 0.55859375 0.0203125 0.075
0 0.26015625 0.51796875 0.01875 0.046875
0 0.1703125 0.5296875 0.0171875 0.121875
0 0.71171875 0.4375 0.05625 0.1078125
0 0.0203125 0.56328125 0.040625 0.2828125
0 0.8953125 0.56328125 0.0234375 0.0828125
0 0.10859375 0.4953125 0.03125 0.125