0 0.13125 0.553125 0.08125 0.3109375
0 0.20078125 0.553125 0.065625 0.30625
0 0.75859375 0.58515625 0.0875 0.25625
0 0.06796875 0.63203125 0.1359375 0.1578125
0 0.534375 0.58359375 0.0765625 0.2125
0 0.5640625 0.54765625 0.0046875 0.2328125
0 0.56875 0.45390625 0.0734375 0.1296875
0 0.62421875 0.45078125 0.0578125 0.1328125
0 0.3171875 0.47578125 0.05625 0.1296875
0 0.69140625 0.59375 0.0765625 0.2171875
0 0.4078125 0.50859375 0.0453125 0.1203125
0 0.4453125 0.478125 0.05 0.11875
0 0.265625 0.54140625 0.0609375 0.2703125