0 0.51796875 0.70859375 0.21875 0.5578125
0 0.33828125 0.77890625 0.259375 0.4046875
0 0.3328125 0.50625 0.2140625 0.446875
0 0.1 0.59296875 0.1984375 0.7484375
0 0.20078125 0.546875 0.1140625 0.60625
0 0.52265625 0.3765625 0.128125 0.378125
0 0.81484375 0.5328125 0.19375 0.9125
0 0.690625 0.70234375 0.1375 0.5140625
0 0.47421875 0.40078125 0.0515625 0.065625
0 0.6296875 0.409375 0.0734375 0.1828125
0 0.7671875 0.27890625 0.015625 0.0515625
0 0.68984375 0.31953125 0.10625 0.165625
0 0.9203125 0.67890625 0.159375 0.615625