0 0.0390625 0.15234375 0.078125 0.3046875
0 0.12890625 0.31796875 0.1984375 0.5125
0 0.2234375 0.30546875 0.0640625 0.35625
0 0.2875 0.30390625 0.0515625 0.2
0 0.35078125 0.31015625 0.084375 0.159375
0 0.4375 0.2875 0.0703125 0.196875
0 0.50390625 0.3078125 0.0546875 0.1671875
0 0.70859375 0.31484375 0.0859375 0.28125
0 0.76875 0.3296875 0.0703125 0.3265625
0 0.85625 0.39765625 0.0796875 0.43125
0 0.9375 0.4515625 0.11875 0.3875
0 0.921875 0.25859375 0.053125 0.1484375
0 0.88515625 0.19609375 0.08125 0.121875