0 0.86640625 0.7546875 0.2515625 0.46875
0 0.33203125 0.63671875 0.1890625 0.290625
0 0.68984375 0.53671875 0.084375 0.1453125
0 0.7765625 0.54609375 0.0453125 0.06875
0 0.79921875 0.50234375 0.0265625 0.0640625
0 0.85 0.51171875 0.0171875 0.05625
0 0.396875 0.50390625 0.0390625 0.0625
0 0.353125 0.49609375 0.0390625 0.0765625
0 0.0359375 0.51484375 0.06875 0.11875
0 0.8203125 0.515625 0.0390625 0.084375
0 0.50703125 0.50234375 0.0234375 0.0515625
0 0.55234375 0.5109375 0.0453125 0.0796875
0 0.53125 0.49375 0.0171875 0.040625