0 0.36796875 0.603125 0.05 0.1921875
0 0.44609375 0.59296875 0.0421875 0.1390625
0 0.684375 0.6109375 0.053125 0.271875
0 0.8234375 0.59453125 0.0390625 0.1421875
0 0.26875 0.58671875 0.021875 0.0765625
0 0.20703125 0.5765625 0.01875 0.0671875
0 0.15234375 0.584375 0.01875 0.0890625
0 0.18046875 0.58125 0.028125 0.10625
0 0.13671875 0.5796875 0.015625 0.1125
0 0.1875 0.5734375 0.009375 0.0734375
0 0.496875 0.6 0.040625 0.1421875
0 0.753125 0.56796875 0.0171875 0.05625
0 0.475 0.5734375 0.0140625 0.0703125