0 0.41953125 0.61015625 0.4625 0.3578125
0 0.81328125 0.0703125 0.140625 0.128125
0 0.72109375 0.49375 0.121875 0.1140625
0 0.74296875 0.43125 0.0859375 0.059375
0 0.7265625 0.41484375 0.078125 0.0796875
0 0.2671875 0.50390625 0.121875 0.071875
0 0.1921875 0.51484375 0.05 0.040625
0 0.11015625 0.4921875 0.0390625 0.0953125
0 0.64140625 0.35 0.13125 0.1078125
0 0.61953125 0.25078125 0.05 0.0796875
0 0.559375 0.259375 0.078125 0.1140625
0 0.50625 0.4703125 0.0953125 0.0515625
0 0.4984375 0.265625 0.0625 0.1078125