0 0.35703125 0.61796875 0.0515625 0.184375
0 0.3828125 0.61328125 0.0234375 0.13125
0 0.32421875 0.65625 0.028125 0.1
0 0.30078125 0.6140625 0.0140625 0.046875
0 0.02265625 0.6015625 0.015625 0.084375
0 0.284375 0.5984375 0.0203125 0.084375
0 0.2609375 0.58515625 0.0109375 0.05625
0 0.221875 0.59609375 0.01875 0.08125
0 0.5046875 0.57109375 0.0265625 0.046875
0 0.23984375 0.59375 0.0140625 0.0671875
0 0.26953125 0.5921875 0.0125 0.0609375
0 0.5203125 0.58515625 0.0234375 0.0578125
0 0.15 0.578125 0.0078125 0.034375