0 0.11953125 0.6015625 0.03125 0.11875
0 0.15078125 0.61640625 0.0453125 0.084375
0 0.8125 0.4 0.021875 0.0703125
0 0.19765625 0.259375 0.0109375 0.0421875
0 0.0734375 0.08671875 0.0125 0.0421875
0 0.0453125 0.946875 0.053125 0.10625
0 0.2078125 0.57578125 0.05625 0.121875
0 0.79921875 0.53359375 0.0453125 0.103125
0 0.14375 0.2953125 0.0125 0.0296875
0 0.209375 0.26640625 0.0171875 0.0453125
0 0.1609375 0.40390625 0.021875 0.0671875
0 0.05234375 0.37109375 0.01875 0.0296875
0 0.18359375 0.1984375 0.0078125 0.021875