0 0.59375 0.38984375 0.0265625 0.0484375
0 0.5765625 0.390625 0.0296875 0.0484375
0 0.965625 0.63515625 0.065625 0.175
0 0.68359375 0.37734375 0.0453125 0.0703125
0 0.8640625 0.35 0.015625 0.0125
0 0.35859375 0.37578125 0.0328125 0.0625
0 0.36171875 0.41015625 0.0421875 0.04375
0 0.30546875 0.41171875 0.04375 0.05625
0 0.11171875 0.428125 0.0359375 0.0421875
0 0.209375 0.41796875 0.015625 0.0140625
0 0.41015625 0.40703125 0.028125 0.04375
0 0.51796875 0.39375 0.025 0.0546875
0 0.77890625 0.36875 0.0265625 0.0671875