0 0.0984375 0.725 0.1125 0.325
0 0.440625 0.59140625 0.090625 0.1828125
0 0.25703125 0.765625 0.14375 0.3109375
0 0.1078125 0.71796875 0.2125 0.3390625
0 0.1046875 0.38203125 0.084375 0.1078125
0 0.25703125 0.39375 0.053125 0.078125
0 0.89609375 0.55078125 0.0828125 0.2078125
0 0.30390625 0.346875 0.0390625 0.10625
0 0.3765625 0.38828125 0.0546875 0.078125
0 0.5 0.3859375 0.0421875 0.0828125
0 0.0203125 0.6421875 0.040625 0.14375
0 0.16953125 0.38359375 0.053125 0.103125
0 0.18046875 0.309375 0.021875 0.0703125