0 0.209375 0.55078125 0.1859375 0.3515625
0 0.38515625 0.59921875 0.2515625 0.2578125
0 0.5078125 0.55234375 0.103125 0.2609375
0 0.61015625 0.56171875 0.2453125 0.36875
0 0.21640625 0.18828125 0.0453125 0.0953125
0 0.15390625 0.178125 0.0640625 0.1203125
0 0.43203125 0.13828125 0.115625 0.2765625
0 0.4296875 0.25546875 0.065625 0.1046875
0 0.96953125 0.36484375 0.0609375 0.1078125
0 0.51875 0.35703125 0.0796875 0.1234375
0 0.58515625 0.3625 0.0671875 0.1125
0 0.6671875 0.36015625 0.084375 0.1203125
0 0.56875 0.25859375 0.0921875 0.1546875