0 0.6203125 0.5234375 0.2375 0.5484375
0 0.38671875 0.440625 0.0640625 0.1375
0 0.390625 0.378125 0.1125 0.128125
0 0.3296875 0.34140625 0.084375 0.15
0 0.225 0.390625 0.071875 0.140625
0 0.23203125 0.64609375 0.2609375 0.3578125
0 0.1078125 0.38515625 0.06875 0.146875
0 0.3421875 0.12421875 0.0578125 0.13125
0 0.5640625 0.19296875 0.0640625 0.1078125
0 0.5375 0.165625 0.040625 0.1375
0 0.7171875 0.16953125 0.078125 0.1234375
0 0.89453125 0.10859375 0.090625 0.2171875
0 0.1140625 0.59375 0.175 0.44375