0 0.13828125 0.64375 0.2765625 0.7125
0 0.67109375 0.30703125 0.1125 0.2265625
0 0.87265625 0.63203125 0.2546875 0.7359375
0 0.18515625 0.1328125 0.1125 0.1453125
0 0.3390625 0.49609375 0.228125 0.534375
0 0.20390625 0.5796875 0.2 0.590625
0 0.50703125 0.13828125 0.1078125 0.221875
0 0.22265625 0.125 0.0421875 0.08125
0 0.6875 0.096875 0.096875 0.1875
0 0.68828125 0.584375 0.3 0.665625
0 0.28125 0.171875 0.0828125 0.1890625
0 0.95546875 0.234375 0.084375 0.4171875
0 0.83046875 0.153125 0.1 0.30625