0 0.59609375 0.625 0.1015625 0.1203125
0 0.71015625 0.63125 0.0828125 0.19375
0 0.51328125 0.5921875 0.025 0.0625
0 0.29609375 0.61640625 0.0375 0.08125
0 0.39921875 0.60546875 0.0359375 0.0734375
0 0.45390625 0.60234375 0.0578125 0.0828125
0 0.42265625 0.60390625 0.03125 0.0703125
0 0.503125 0.5375 0.0234375 0.034375
0 0.21953125 0.55859375 0.025 0.03125
0 0.12265625 0.60859375 0.08125 0.1
0 0.79609375 0.5796875 0.0234375 0.05
0 0.36875 0.60703125 0.04375 0.096875
0 0.11484375 0.8140625 0.19375 0.340625