0 0.58671875 0.32734375 0.0703125 0.3546875
0 0.496875 0.3625 0.075 0.353125
0 0.54921875 0.3609375 0.0328125 0.2421875
0 0.7109375 0.325 0.0859375 0.3015625
0 0.2171875 0.09296875 0.0359375 0.15
0 0.33828125 0.04375 0.040625 0.0875
0 0.6640625 0.2984375 0.0515625 0.265625
0 0.45546875 0.3046875 0.046875 0.2359375
0 0.73046875 0.15078125 0.0359375 0.0734375
0 0.6625 0.025 0.0625 0.05
0 0.62109375 0.05390625 0.040625 0.1078125
0 0.675 0.1796875 0.0515625 0.09375
0 0.1953125 0.08671875 0.0359375 0.1671875