0 0.54609375 0.53671875 0.3875 0.70625
0 0.69921875 0.371875 0.175 0.1125
0 0.34453125 0.43671875 0.103125 0.084375
0 0.34765625 0.2390625 0.1328125 0.1078125
0 0.20625 0.19765625 0.1125 0.06875
0 0.33359375 0.10390625 0.153125 0.14375
0 0.11640625 0.11328125 0.1203125 0.1375
0 0.12734375 0.24921875 0.1578125 0.08125
0 0.784375 0.290625 0.1421875 0.1203125
0 0.97265625 0.30234375 0.040625 0.0859375
0 0.78515625 0.17421875 0.121875 0.09375
0 0.91484375 0.16015625 0.10625 0.1390625
0 0.5234375 0.1828125 0.14375 0.1609375