0 0.153125 0.625 0.015625 0.0796875
0 0.11171875 0.62265625 0.021875 0.0859375
0 0.22578125 0.62734375 0.025 0.0671875
0 0.0546875 0.62421875 0.021875 0.0734375
0 0.4015625 0.37734375 0.04375 0.0609375
0 0.5828125 0.61171875 0.0265625 0.0375
0 0.03671875 0.628125 0.025 0.0859375
0 0.0734375 0.62890625 0.0203125 0.08125
0 0.178125 0.625 0.0265625 0.0796875
0 0.8078125 0.45625 0.021875 0.0390625
0 0.78046875 0.409375 0.025 0.0453125
0 0.021875 0.63046875 0.025 0.075
0 0.0078125 0.621875 0.015625 0.08125