0 0.47265625 0.54453125 0.43125 0.5640625
0 0.82578125 0.3640625 0.053125 0.06875
0 0.66953125 0.23671875 0.0765625 0.134375
0 0.61328125 0.15078125 0.06875 0.103125
0 0.55390625 0.1578125 0.05625 0.096875
0 0.50546875 0.1921875 0.05 0.0875
0 0.246875 0.38359375 0.059375 0.046875
0 0.39375 0.2671875 0.0625 0.1765625
0 0.20859375 0.3265625 0.0875 0.165625
0 0.91328125 0.30546875 0.078125 0.1765625
0 0.4546875 0.2421875 0.05625 0.128125
0 0.4796875 0.296875 0.0046875 0.1234375
0 0.62265625 0.309375 0.053125 0.1578125