0 0.33984375 0.68046875 0.059375 0.278125
0 0.5234375 0.53984375 0.01875 0.10625
0 0.7671875 0.50703125 0.0171875 0.0953125
0 0.43046875 0.51875 0.0078125 0.0609375
0 0.47421875 0.50859375 0.009375 0.0453125
0 0.8671875 0.5046875 0.021875 0.0953125
0 0.6640625 0.50859375 0.0109375 0.0515625
0 0.6328125 0.5203125 0.0140625 0.1125
0 0.77734375 0.5203125 0.01875 0.0859375
0 0.88984375 0.52890625 0.025 0.0859375
0 0.64609375 0.51875 0.0125 0.0609375
0 0.62109375 0.49453125 0.0140625 0.0578125
0 0.2109375 0.53125 0.0140625 0.0828125