0 0.56015625 0.70234375 0.0375 0.084375
0 0.47734375 0.71015625 0.0328125 0.0859375
0 0.303125 0.68125 0.01875 0.0390625
0 0.32578125 0.73046875 0.0671875 0.103125
0 0.44453125 0.70234375 0.0328125 0.0984375
0 0.91796875 0.7375 0.0734375 0.1328125
0 0.64296875 0.70625 0.0515625 0.0890625
0 0.76875 0.69296875 0.0375 0.0578125
0 0.825 0.69453125 0.0359375 0.0609375
0 0.52578125 0.7078125 0.0421875 0.0890625
0 0.40859375 0.69609375 0.0328125 0.08125
0 0.71875 0.690625 0.03125 0.053125
0 0.97734375 0.71015625 0.0453125 0.121875