0 0.41796875 0.73828125 0.0453125 0.1328125
0 0.4625 0.709375 0.025 0.1125
0 0.9515625 0.76171875 0.096875 0.30625
0 0.5453125 0.74140625 0.040625 0.1390625
0 0.49453125 0.74375 0.0359375 0.1234375
0 0.715625 0.709375 0.05625 0.1796875
0 0.3828125 0.746875 0.0203125 0.10625
0 0.6671875 0.709375 0.03125 0.10625
0 0.64609375 0.74296875 0.0609375 0.2015625
0 0.5859375 0.74609375 0.0359375 0.1390625
0 0.27890625 0.709375 0.025 0.03125
0 0.1078125 0.75859375 0.015625 0.0546875
0 0.4 0.73984375 0.0203125 0.1046875