0 0.03125 0.86015625 0.0265625 0.115625
0 0.08046875 0.86953125 0.0265625 0.09375
0 0.6265625 0.8046875 0.0328125 0.1125
0 0.6578125 0.8234375 0.034375 0.121875
0 0.7296875 0.86484375 0.0203125 0.1078125
0 0.7046875 0.86328125 0.0296875 0.1125
0 0.76640625 0.85390625 0.021875 0.0546875
0 0.67578125 0.85078125 0.0203125 0.09375
0 0.81875 0.8609375 0.0328125 0.1203125
0 0.921875 0.8703125 0.021875 0.1078125
0 0.99609375 0.8578125 0.0078125 0.09375
0 0.15 0.86796875 0.0203125 0.0984375
0 0.003125 0.871875 0.00625 0.0921875