0 0.3703125 0.63046875 0.16875 0.7265625
0 0.646875 0.42734375 0.0375 0.171875
0 0.10078125 0.42734375 0.0390625 0.1078125
0 0.12265625 0.43046875 0.015625 0.0921875
0 0.61171875 0.4296875 0.04375 0.1765625
0 0.76796875 0.4328125 0.0234375 0.065625
0 0.52890625 0.43515625 0.0171875 0.078125
0 0.59296875 0.4328125 0.0140625 0.06875
0 0.57421875 0.4328125 0.0296875 0.115625
0 0.54453125 0.4296875 0.009375 0.046875
0 0.5125 0.43515625 0.015625 0.0734375
0 0.05078125 0.4375 0.03125 0.09375
0 0.725 0.43515625 0.0109375 0.059375