0 0.49453125 0.29140625 0.025 0.0859375
0 0.65234375 0.25703125 0.0328125 0.1125
0 0.31640625 0.20078125 0.0171875 0.0359375
0 0.115625 0.29921875 0.0265625 0.075
0 0.29296875 0.22578125 0.0234375 0.0515625
0 0.39765625 0.22578125 0.0171875 0.05
0 0.075 0.190625 0.025 0.09375
0 0.2609375 0.24296875 0.0390625 0.1109375
0 0.61875 0.23515625 0.0453125 0.1125
0 0.471875 0.14609375 0.065625 0.1546875
0 0.728125 0.19609375 0.0390625 0.1203125
0 0.94296875 0.2078125 0.0328125 0.0859375
0 0.91796875 0.165625 0.0328125 0.090625