0 0.509375 0.53671875 0.240625 0.603125
0 0.04140625 0.25234375 0.0078125 0.0328125
0 0.1671875 0.26171875 0.0203125 0.059375
0 0.28671875 0.25625 0.0140625 0.0546875
0 0.409375 0.26484375 0.0046875 0.025
0 0.86328125 0.24921875 0.0078125 0.0140625
0 0.29921875 0.20703125 0.0109375 0.0390625
0 0.3296875 0.26328125 0.0125 0.0265625
0 0.39453125 0.25546875 0.0171875 0.0515625
0 0.3671875 0.24921875 0.0109375 0.015625
0 0.3234375 0.253125 0.0109375 0.04375
0 0.3796875 0.25859375 0.015625 0.0375
0 0.8234375 0.25390625 0.009375 0.0171875