0 0.38984375 0.52109375 0.771875 0.934375
0 0.78515625 0.40546875 0.3890625 0.3609375
0 0.90078125 0.34296875 0.0703125 0.0515625
0 0.834375 0.39765625 0.0359375 0.046875
0 0.96015625 0.41484375 0.0796875 0.1171875
0 0.128125 0.37109375 0.246875 0.5125
0 0.8765625 0.40859375 0.05625 0.0625
0 0.9359375 0.37109375 0.0265625 0.0453125
0 0.74609375 0.36171875 0.040625 0.0515625
0 0.81015625 0.3796875 0.03125 0.06875
0 0.72890625 0.3390625 0.0453125 0.040625
0 0.77890625 0.34453125 0.034375 0.03125
0 0.778125 0.39296875 0.040625 0.040625