0 0.19453125 0.7015625 0.10625 0.509375
0 0.559375 0.69609375 0.0984375 0.4203125
0 0.8171875 0.63359375 0.0765625 0.378125
0 0.4171875 0.565625 0.0359375 0.153125
0 0.0921875 0.60078125 0.0953125 0.2046875
0 0.69375 0.5609375 0.065625 0.178125
0 0.63046875 0.5421875 0.05 0.1296875
0 0.75 0.575 0.04375 0.1359375
0 0.59375 0.58671875 0.071875 0.178125
0 0.14609375 0.70625 0.0734375 0.4671875
0 0.0265625 0.63984375 0.053125 0.2796875
0 0.0375 0.7640625 0.075 0.471875
0 0.284375 0.678125 0.090625 0.378125