0 0.76328125 0.834375 0.0671875 0.1125
0 0.253125 0.83828125 0.0515625 0.06875
0 0.25 0.81015625 0.0453125 0.065625
0 0.303125 0.8359375 0.0515625 0.0796875
0 0.64375 0.78125 0.05 0.05625
0 0.72578125 0.83203125 0.0375 0.0984375
0 0.21328125 0.82578125 0.0453125 0.071875
0 0.47890625 0.78828125 0.0359375 0.0578125
0 0.74296875 0.78203125 0.0296875 0.0359375
0 0.67890625 0.7890625 0.0296875 0.0453125
0 0.72109375 0.79609375 0.06328125 0.1625
0 0.37890625 0.828125 0.0578125 0.1
0 0.79765625 0.8234375 0.0515625 0.0703125