0 0.11015625 0.6046875 0.065625 0.35625
0 0.18984375 0.5796875 0.0640625 0.26875
0 0.146875 0.58984375 0.0375 0.2234375
0 0.059375 0.58515625 0.0703125 0.240625
0 0.7734375 0.5328125 0.0296875 0.071875
0 0.74453125 0.553125 0.015625 0.1015625
0 0.0328125 0.571875 0.05 0.1640625
0 0.94375 0.5328125 0.025 0.071875
0 0.92109375 0.53125 0.0359375 0.08125
0 0.89765625 0.52421875 0.025 0.065625
0 0.85390625 0.52890625 0.015625 0.053125
0 0.83828125 0.52265625 0.01875 0.05
0 0.0125 0.603125 0.025 0.2140625