0 0.26328125 0.746875 0.1140625 0.2875
0 0.24375 0.37265625 0.0515625 0.0765625
0 0.2171875 0.38359375 0.0390625 0.0703125
0 0.3890625 0.35625 0.053125 0.0734375
0 0.0984375 0.390625 0.0359375 0.0484375
0 0.0296875 0.35859375 0.059375 0.0734375
0 0.44296875 0.36796875 0.0234375 0.05625
0 0.60703125 0.40546875 0.0375 0.04375
0 0.5671875 0.39609375 0.0359375 0.05
0 0.52421875 0.409375 0.0203125 0.01875
0 0.3265625 0.37890625 0.0171875 0.0125
0 0.09921875 0.36796875 0.03125 0.0609375
0 0.059375 0.37421875 0.034375 0.05625