0 0.24921875 0.6921875 0.2375 0.3625
0 0.3375 0.509375 0.134375 0.3609375
0 0.6296875 0.5890625 0.2515625 0.5578125
0 0.7296875 0.490625 0.10625 0.3703125
0 0.8234375 0.13828125 0.1671875 0.2765625
0 0.946875 0.47109375 0.10625 0.409375
0 0.44765625 0.5890625 0.13125 0.20625
0 0.553125 0.5703125 0.0765625 0.203125
0 0.96796875 0.14609375 0.0640625 0.1078125
0 0.5765625 0.115625 0.1 0.23125
0 0.7078125 0.16640625 0.053125 0.1265625
0 0.11796875 0.6265625 0.1578125 0.465625
0 0.52578125 0.09375 0.090625 0.1875