0 0.35390625 0.44453125 0.04375 0.1296875
0 0.434375 0.409375 0.0390625 0.11875
0 0.29453125 0.38984375 0.0265625 0.0515625
0 0.41171875 0.44609375 0.025 0.11875
0 0.265625 0.40625 0.015625 0.0390625
0 0.03515625 0.40390625 0.021875 0.0484375
0 0.94609375 0.42890625 0.0265625 0.10625
0 0.68984375 0.43671875 0.0390625 0.1046875
0 0.721875 0.43359375 0.0296875 0.10625
0 0.04765625 0.46484375 0.0359375 0.1453125
0 0.51953125 0.43046875 0.0234375 0.0875
0 0.01015625 0.43046875 0.0203125 0.0703125
0 0.384375 0.37421875 0.015625 0.025