0 0.30703125 0.4375 0.4546875 0.3109375
0 0.6296875 0.40703125 0.1703125 0.3265625
0 0.6984375 0.290625 0.03125 0.09375
0 0.75703125 0.2890625 0.04375 0.10625
0 0.8078125 0.30703125 0.06875 0.1125
0 0.790625 0.24921875 0.034375 0.05625
0 0.20234375 0.253125 0.040625 0.0890625
0 0.74375 0.3375 0.0859375 0.2046875
0 0.94921875 0.33203125 0.0984375 0.2359375
0 0.075 0.30234375 0.06875 0.1078125
0 0.04375 0.29296875 0.046875 0.065625
0 0.04609375 0.29765625 0.034375 0.096875
0 0.29921875 0.23671875 0.0203125 0.05