0 0.084375 0.83203125 0.0953125 0.1796875
0 0.1609375 0.8625 0.1515625 0.2
0 0.96875 0.81328125 0.0625 0.1453125
0 0.7984375 0.75625 0.06875 0.0640625
0 0.90546875 0.7328125 0.0203125 0.01875
0 0.87421875 0.85234375 0.1125 0.2
0 0.7765625 0.85390625 0.1328125 0.184375
0 0.6328125 0.8046875 0.109375 0.134375
0 0.8625 0.73359375 0.0171875 0.025
0 0.940625 0.77578125 0.0625 0.0984375
0 0.92890625 0.73125 0.0171875 0.034375
0 0.40390625 0.7421875 0.0421875 0.0625
0 0.51796875 0.84453125 0.115625 0.175