0 0.61171875 0.53125 0.1859375 0.5296875
0 0.21875 0.58671875 0.1890625 0.4609375
0 0.46875 0.34765625 0.08125 0.13125
0 0.78984375 0.35390625 0.121875 0.2546875
0 0.60859375 0.06171875 0.065625 0.0953125
0 0.50703125 0.065625 0.0046875 0.0890625
0 0.4625 0.05703125 0.071875 0.1015625
0 0.39140625 0.059375 0.096875 0.1078125
0 0.33671875 0.05703125 0.10625 0.1140625
0 0.7296875 0.05234375 0.0578125 0.1046875
0 0.13828125 0.36015625 0.0890625 0.13125
0 0.04609375 0.36484375 0.0921875 0.1375
0 0.40390625 0.66796875 0.2671875 0.3453125