0 0.6515625 0.53671875 0.1203125 0.3390625
0 0.82421875 0.60703125 0.1625 0.3640625
0 0.90625 0.52265625 0.1125 0.259375
0 0.23828125 0.559375 0.1390625 0.3828125
0 0.3375 0.4921875 0.0640625 0.1359375
0 0.39609375 0.521875 0.0296875 0.1828125
0 0.1171875 0.53984375 0.0421875 0.1609375
0 0.040625 0.53984375 0.0640625 0.1484375
0 0.72109375 0.503125 0.05 0.1171875
0 0.51015625 0.61796875 0.1765625 0.4125
0 0.93984375 0.4515625 0.0328125 0.0640625
0 0.10703125 0.38203125 0.025 0.0671875
0 0.190625 0.31328125 0.0375 0.0984375