0 0.5375 0.94609375 0.0421875 0.1078125
0 0.95703125 0.7921875 0.059375 0.14375
0 0.3375 0.8359375 0.021875 0.021875
0 0.54140625 0.82578125 0.0296875 0.0421875
0 0.4734375 0.85703125 0.0234375 0.05
0 0.284375 0.8328125 0.0296875 0.0453125
0 0.1265625 0.97265625 0.0453125 0.0546875
0 0.85234375 0.965625 0.1140625 0.065625
0 0.7703125 0.78515625 0.09375 0.14375
0 0.21328125 0.8890625 0.034375 0.071875
0 0.30703125 0.84375 0.0234375 0.05
0 0.50234375 0.95234375 0.05 0.0953125
0 0.8375 0.76796875 0.071875 0.1578125