0 0.29921875 0.215625 0.19375 0.43125
0 0.60234375 0.50234375 0.234375 0.921875
0 0.72734375 0.4046875 0.10625 0.4453125
0 0.88828125 0.3453125 0.065625 0.39375
0 0.825 0.25390625 0.0328125 0.1734375
0 0.95078125 0.34375 0.0703125 0.4125
0 0.68046875 0.3015625 0.0546875 0.253125
0 0.20390625 0.3078125 0.1046875 0.3328125
0 0.98515625 0.2078125 0.0296875 0.1171875
0 0.8078125 0.3171875 0.0875 0.340625
0 0.71015625 0.19140625 0.0140625 0.05625
0 0.6671875 0.1890625 0.0140625 0.059375
0 0.7890625 0.36640625 0.10625 0.4640625