0 0.9421875 0.32109375 0.0765625 0.26875
0 0.91875 0.47578125 0.0796875 0.128125
0 0.97734375 0.47578125 0.0453125 0.0859375
0 0.7421875 0.46875 0.04375 0.0625
0 0.69296875 0.4671875 0.0359375 0.0578125
0 0.67265625 0.38515625 0.0515625 0.24375
0 0.06328125 0.46484375 0.1140625 0.1609375
0 0.50390625 0.4171875 0.0375 0.0875
0 0.546875 0.43359375 0.0203125 0.06875
0 0.7078125 0.42421875 0.0203125 0.0703125
0 0.12109375 0.45078125 0.028125 0.0359375
0 0.9796875 0.4296875 0.0234375 0.0234375
0 0.32578125 0.4625 0.1078125 0.14375