0 0.26875 0.69765625 0.01875 0.0765625
0 0.80703125 0.834375 0.1 0.3296875
0 0.83828125 0.684375 0.0453125 0.2546875
0 0.08125 0.66953125 0.0171875 0.075
0 0.12109375 0.66015625 0.0421875 0.140625
0 0.209375 0.69765625 0.025 0.0984375
0 0.6640625 0.778125 0.0796875 0.353125
0 0.884375 0.63515625 0.021875 0.0984375
0 0.63125 0.6390625 0.0140625 0.046875
0 0.54609375 0.62578125 0.015625 0.09375
0 0.109375 0.82734375 0.0890625 0.2265625
0 0.50078125 0.62421875 0.015625 0.0609375
0 0.97265625 0.6125 0.0140625 0.065625