0 0.58203125 0.6453125 0.1953125 0.5015625
0 0.53515625 0.2328125 0.0640625 0.1
0 0.6890625 0.19296875 0.03125 0.0765625
0 0.83828125 0.1265625 0.0671875 0.1171875
0 0.85234375 0.19921875 0.05625 0.11875
0 0.6140625 0.37109375 0.0515625 0.065625
0 0.66015625 0.0546875 0.0046875 0.109375
0 0.52578125 0.0796875 0.0546875 0.0953125
0 0.45546875 0.18125 0.0546875 0.0703125
0 0.871875 0.3515625 0.0640625 0.0984375
0 0.7625 0.07734375 0.05625 0.128125
0 0.38125 0.34765625 0.0828125 0.09375
0 0.7296875 0.03828125 0.065625 0.075