0 0.45703125 0.66796875 0.1765625 0.3515625
0 0.97265625 0.390625 0.0546875 0.0890625
0 0.7390625 0.7125 0.14375 0.3015625
0 0.79765625 0.509375 0.065625 0.1234375
0 0.8390625 0.52265625 0.059375 0.1640625
0 0.8734375 0.453125 0.046875 0.075
0 0.840625 0.40703125 0.0421875 0.08125
0 0.81015625 0.43515625 0.028125 0.0671875
0 0.7671875 0.47578125 0.0609375 0.0796875
0 0.7234375 0.46484375 0.078125 0.0984375
0 0.6421875 0.71953125 0.11875 0.25
0 0.0375 0.61796875 0.071875 0.1484375
0 0.08828125 0.63828125 0.0578125 0.1125