0 0.16015625 0.78671875 0.0265625 0.11875
0 0.3984375 0.77265625 0.009375 0.0421875
0 0.3890625 0.78359375 0.015625 0.0515625
0 0.1859375 0.7890625 0.0234375 0.1125
0 0.43125 0.78671875 0.01875 0.065625
0 0.29296875 0.77890625 0.0203125 0.0703125
0 0.89296875 0.790625 0.0109375 0.0515625
0 0.4140625 0.78828125 0.0109375 0.0578125
0 0.4703125 0.79140625 0.0171875 0.071875
0 0.93125 0.78125 0.0109375 0.0296875
0 0.0046875 0.790625 0.009375 0.0703125
0 0.21171875 0.79296875 0.0046875 0.11875
0 0.26171875 0.7671875 0.0171875 0.0671875