0 0.4109375 0.89765625 0.071875 0.203125
0 0.315625 0.828125 0.1203125 0.1921875
0 0.40703125 0.6109375 0.021875 0.0796875
0 0.09375 0.88671875 0.0625 0.196875
0 0.0421875 0.8546875 0.065625 0.2109375
0 0.12421875 0.9546875 0.0578125 0.090625
0 0.31796875 0.96796875 0.0640625 0.0640625
0 0.32890625 0.57890625 0.0140625 0.040625
0 0.8 0.7265625 0.0515625 0.090625
0 0.9 0.5921875 0.01875 0.053125
0 0.8453125 0.57890625 0.0078125 0.0453125
0 0.7859375 0.58828125 0.0140625 0.059375
0 0.92734375 0.72109375 0.0515625 0.125