0 0.13515625 0.68203125 0.15625 0.3171875
0 0.51015625 0.71171875 0.1125 0.28125
0 0.4578125 0.67578125 0.1015625 0.2265625
0 0.8078125 0.72421875 0.215625 0.5234375
0 0.23515625 0.68359375 0.1 0.28125
0 0.70078125 0.565625 0.0609375 0.2109375
0 0.13515625 0.509375 0.1578125 0.2359375
0 0.59453125 0.63125 0.0890625 0.3828125
0 0.2453125 0.50625 0.1 0.28125
0 0.52890625 0.53203125 0.071875 0.1921875
0 0.75 0.67890625 0.1078125 0.4765625
0 0.34765625 0.68046875 0.1203125 0.29375
0 0.65 0.60078125 0.0625 0.3265625