0 0.321875 0.41796875 0.1796875 0.55
0 0.38359375 0.42109375 0.0921875 0.51875
0 0.45703125 0.50078125 0.1453125 0.5609375
0 0.621875 0.5203125 0.15625 0.521875
0 0.24921875 0.278125 0.10625 0.2359375
0 0.73828125 0.1828125 0.0453125 0.075
0 0.65390625 0.05859375 0.0609375 0.1140625
0 0.70390625 0.0953125 0.0453125 0.0953125
0 0.73984375 0.0921875 0.0359375 0.0875
0 0.89140625 0.11015625 0.040625 0.071875
0 0.9640625 0.1296875 0.059375 0.084375
0 0.5671875 0.15390625 0.075 0.1234375
0 0.47734375 0.14453125 0.0421875 0.1015625