0 0.68125 0.79375 0.1453125 0.225
0 0.74296875 0.703125 0.05 0.1265625
0 0.4515625 0.7390625 0.0171875 0.096875
0 0.46953125 0.7359375 0.0234375 0.103125
0 0.49296875 0.7296875 0.01875 0.096875
0 0.43203125 0.73125 0.021875 0.1203125
0 0.5734375 0.72890625 0.03125 0.10625
0 0.8703125 0.67109375 0.0296875 0.153125
0 0.1265625 0.80390625 0.0421875 0.153125
0 0.5375 0.73125 0.021875 0.103125
0 0.5171875 0.7390625 0.0265625 0.0890625
0 0.22890625 0.81796875 0.0546875 0.2203125
0 0.0359375 0.7609375 0.0171875 0.084375