0 0.77109375 0.5234375 0.4546875 0.884375
0 0.35 0.425 0.3171875 0.5125
0 0.50546875 0.5578125 0.1859375 0.378125
0 0.09453125 0.315625 0.1046875 0.36875
0 0.03515625 0.2765625 0.0703125 0.2640625
0 0.2 0.271875 0.1125 0.315625
0 0.2765625 0.115625 0.059375 0.1875
0 0.37265625 0.15078125 0.075 0.13125
0 0.7890625 0.13671875 0.1015625 0.2171875
0 0.07109375 0.184375 0.034375 0.103125
0 0.96171875 0.15859375 0.0671875 0.1109375
0 0.05625 0.1671875 0.0171875 0.059375
0 0.52265625 0.134375 0.04375 0.125