0 0.52109375 0.67265625 0.1765625 0.4328125
0 0.24765625 0.61640625 0.1828125 0.55
0 0.39765625 0.58125 0.21875 0.7171875
0 0.72265625 0.36640625 0.14375 0.2953125
0 0.60625 0.33984375 0.1015625 0.225
0 0.596875 0.43828125 0.1421875 0.15
0 0.84921875 0.33984375 0.090625 0.3328125
0 0.890625 0.47109375 0.05625 0.0921875
0 0.10703125 0.41328125 0.1140625 0.21875
0 0.2234375 0.33671875 0.1 0.16875
0 0.93828125 0.23515625 0.0734375 0.15
0 0.0453125 0.44296875 0.0875 0.1546875
0 0.79296875 0.36484375 0.09375 0.2890625