0 0.77890625 0.609375 0.09375 0.3734375
0 0.1265625 0.634375 0.0765625 0.24375
0 0.04609375 0.63203125 0.0921875 0.2765625
0 0.21171875 0.50625 0.0140625 0.0609375
0 0.30703125 0.54609375 0.04375 0.05625
0 0.1921875 0.54140625 0.0265625 0.0390625
0 0.315625 0.47890625 0.0109375 0.0328125
0 0.29375 0.51796875 0.03125 0.0140625
0 0.234375 0.49921875 0.015625 0.0765625
0 0.3046875 0.01328125 0.0109375 0.0265625
0 0.3359375 0.46484375 0.00625 0.025
0 0.1390625 0.50234375 0.009375 0.025
0 0.18046875 0.05390625 0.0125 0.0421875