0 0.98125 0.4578125 0.0375 0.221875
0 0.425 0.60390625 0.2359375 0.5765625
0 0.5671875 0.6328125 0.1328125 0.534375
0 0.8125 0.4609375 0.103125 0.2390625
0 0.96328125 0.678125 0.06875 0.215625
0 0.92109375 0.52578125 0.0828125 0.11875
0 0.503125 0.453125 0.0671875 0.1734375
0 0.1296875 0.49453125 0.0921875 0.253125
0 0.22109375 0.5890625 0.0921875 0.41875
0 0.0671875 0.51015625 0.078125 0.259375
0 0.83515625 0.76484375 0.11875 0.1546875
0 0.021875 0.49296875 0.04375 0.240625
0 0.91328125 0.453125 0.1078125 0.2125