0 0.1421875 0.31796875 0.0359375 0.115625
0 0.33046875 0.70625 0.1234375 0.34375
0 0.8625 0.50703125 0.096875 0.190625
0 0.8609375 0.3890625 0.0453125 0.10625
0 0.17265625 0.184375 0.021875 0.0734375
0 0.20078125 0.18359375 0.0203125 0.0703125
0 0.1453125 0.765625 0.1984375 0.296875
0 0.24921875 0.184375 0.0171875 0.075
0 0.34140625 0.14921875 0.015625 0.03125
0 0.93828125 0.10390625 0.0140625 0.065625
0 0.73671875 0.10390625 0.0203125 0.0734375
0 0.26796875 0.19140625 0.0140625 0.0640625
0 0.3171875 0.14375 0.0171875 0.0359375