0 0.52265625 0.175 0.021875 0.0953125
0 0.72734375 0.78046875 0.3140625 0.41875
0 0.41796875 0.19296875 0.021875 0.0921875
0 0.4796875 0.18984375 0.025 0.0890625
0 0.4578125 0.1875 0.0203125 0.0921875
0 0.496875 0.184375 0.015625 0.0859375
0 0.54453125 0.171875 0.0203125 0.08125
0 0.62265625 0.13515625 0.025 0.0515625
0 0.5734375 0.12734375 0.01875 0.025
0 0.196875 0.49921875 0.39375 0.9984375
0 0.97734375 0.13125 0.015625 0.0859375
0 0.54765625 0.90390625 0.1625 0.16875
0 0.4421875 0.18984375 0.0296875 0.0875