0 0.27109375 0.49765625 0.184375 0.6765625
0 0.73671875 0.4984375 0.1703125 0.6828125
0 0.87265625 0.33828125 0.0859375 0.16875
0 0.1234375 0.3046875 0.103125 0.20625
0 0.434375 0.5296875 0.1390625 0.3890625
0 0.16640625 0.33671875 0.0625 0.165625
0 0.0671875 0.2953125 0.0359375 0.084375
0 0.625 0.42109375 0.08125 0.415625
0 0.9265625 0.44921875 0.1453125 0.234375
0 0.3578125 0.5265625 0.0796875 0.3546875
0 0.446875 0.3875 0.096875 0.2921875
0 0.83125 0.3046875 0.0609375 0.190625
0 0.0328125 0.45390625 0.065625 0.36875