0 0.68984375 0.51171875 0.1671875 0.440625
0 0.56875 0.5140625 0.0765625 0.25
0 0.1046875 0.5109375 0.146875 0.5328125
0 0.22734375 0.58046875 0.2015625 0.728125
0 0.41328125 0.51796875 0.0875 0.2453125
0 0.26015625 0.3734375 0.040625 0.075
0 0.046875 0.21796875 0.05 0.134375
0 0.78203125 0.1671875 0.0578125 0.190625
0 0.05 0.51796875 0.0859375 0.240625
0 0.35078125 0.53046875 0.1703125 0.4578125
0 0.8953125 0.52265625 0.0796875 0.21875
0 0.63828125 0.51875 0.0765625 0.240625
0 0.27109375 0.578125 0.021875 0.271875