0 0.68984375 0.52734375 0.021875 0.040625
0 0.3421875 0.55234375 0.0453125 0.034375
0 0.38828125 0.5453125 0.0203125 0.03125
0 0.171875 0.5640625 0.0296875 0.03125
0 0.2796875 0.55546875 0.01875 0.03125
0 0.5765625 0.53671875 0.025 0.034375
0 0.64765625 0.5328125 0.0234375 0.034375
0 0.80234375 0.521875 0.0234375 0.0390625
0 0.18984375 0.56015625 0.0125 0.04375
0 0.42890625 0.54453125 0.021875 0.0359375
0 0.4390625 0.5453125 0.0140625 0.034375
0 0.24375 0.55234375 0.040625 0.0484375
0 0.82109375 0.52265625 0.0171875 0.03125