0 0.50703125 0.36953125 0.1609375 0.5
0 0.10625 0.353125 0.0890625 0.0796875
0 0.9765625 0.2640625 0.046875 0.1
0 0.31953125 0.315625 0.128125 0.1375
0 0.41796875 0.30234375 0.0796875 0.11875
0 0.2015625 0.34765625 0.0984375 0.084375
0 0.3828125 0.3 0.0046875 0.065625
0 0.09296875 0.07265625 0.0671875 0.1046875
0 0.03046875 0.1046875 0.0453125 0.0515625
0 0.8375 0.2828125 0.15625 0.0859375
0 0.72421875 0.28046875 0.06875 0.09375
0 0.04609375 0.0453125 0.0328125 0.0703125
0 0.01796875 0.0765625 0.0359375 0.1125