0 0.12109375 0.63828125 0.040625 0.1703125
0 0.29921875 0.68125 0.0421875 0.1640625
0 0.34765625 0.68046875 0.034375 0.16875
0 0.41640625 0.684375 0.0375 0.1640625
0 0.2265625 0.60859375 0.00625 0.0078125
0 0.79375 0.60859375 0.0171875 0.06875
0 0.90390625 0.64609375 0.0453125 0.1328125
0 0.85859375 0.61953125 0.0328125 0.09375
0 0.540625 0.684375 0.0203125 0.0421875
0 0.4671875 0.66796875 0.0265625 0.0890625
0 0.090625 0.65234375 0.0125 0.03125
0 0.02890625 0.60546875 0.0234375 0.0125
0 0.21796875 0.684375 0.0140625 0.0171875