0 0.11640625 0.65703125 0.046875 0.15
0 0.084375 0.6625 0.0453125 0.14375
0 0.21328125 0.66328125 0.065625 0.1484375
0 0.27109375 0.65078125 0.03125 0.1421875
0 0.09765625 0.65546875 0.0296875 0.1453125
0 0.77421875 0.6 0.0125 0.0140625
0 0.73046875 0.63671875 0.0578125 0.1390625
0 0.509375 0.56875 0.021875 0.0296875
0 0.35078125 0.58984375 0.015625 0.0484375
0 0.6328125 0.640625 0.034375 0.1390625
0 0.6875 0.64609375 0.034375 0.1453125
0 0.85078125 0.63828125 0.0296875 0.14375
0 0.8921875 0.63828125 0.053125 0.1296875