0 0.49296875 0.50078125 0.20703125 0.59453125
0 0.03515625 0.12578125 0.05 0.1078125
0 0.20234375 0.103125 0.01875 0.075
0 0.62421875 0.1390625 0.0078125 0.0375
0 0.696875 0.1578125 0.0234375 0.0609375
0 0.4765625 0.16875 0.0140625 0.0453125
0 0.65703125 0.1375 0.0125 0.034375
0 0.6015625 0.12890625 0.009375 0.0375
0 0.42578125 0.14453125 0.0140625 0.0421875
0 0.4375 0.1578125 0.015625 0.0546875
0 0.93046875 0.19375 0.034375 0.03125
0 0.9171875 0.17421875 0.0265625 0.0375
0 0.765625 0.0953125 0.0078125 0.0375