0 0.5640625 0.540625 0.5671875 0.8921875
0 0.1765625 0.42578125 0.2828125 0.528125
0 0.11328125 0.21953125 0.0609375 0.1625
0 0.09765625 0.1828125 0.1015625 0.165625
0 0.2765625 0.2 0.0890625 0.1703125
0 0.390625 0.18828125 0.1453125 0.20625
0 0.059375 0.209375 0.115625 0.1765625
0 0.78828125 0.1734375 0.109375 0.203125
0 0.0296875 0.2078125 0.059375 0.178125
0 0.328125 0.12109375 0.053125 0.0640625
0 0.16171875 0.14453125 0.05 0.0625
0 0.19609375 0.12890625 0.103125 0.0890625
0 0.8875 0.1890625 0.1015625 0.184375