0 0.5125 0.31484375 0.028125 0.0859375
0 0.49375 0.2765625 0.0171875 0.0578125
0 0.60234375 0.27890625 0.021875 0.053125
0 0.38359375 0.275 0.015625 0.053125
0 0.228125 0.46953125 0.0140625 0.0953125
0 0.7296875 0.1453125 0.0109375 0.028125
0 0.31171875 0.26328125 0.0171875 0.075
0 0.759375 0.43828125 0.0125 0.0796875
0 0.41875 0.08984375 0.0125 0.0328125
0 0.50546875 0.52109375 0.040625 0.1265625
0 0.79296875 0.3703125 0.01875 0.0578125
0 0.9796875 0.4765625 0.021875 0.04375
0 0.89140625 0.30703125 0.0140625 0.046875
0 0.46328125 0.09140625 0.0125 0.0328125