0 0.6796875 0.63671875 0.0140625 0.040625
0 0.128125 0.6734375 0.015625 0.0703125
0 0.16796875 0.67578125 0.0171875 0.078125
0 0.3 0.58984375 0.0125 0.028125
0 0.59453125 0.65390625 0.0140625 0.0546875
0 0.80390625 0.640625 0.015625 0.040625
0 0.734375 0.64296875 0.0125 0.040625
0 0.28515625 0.590625 0.0078125 0.0234375
0 0.66171875 0.63359375 0.0109375 0.046875
0 0.78515625 0.64375 0.0140625 0.0359375
0 0.8546875 0.6453125 0.00625 0.0328125
0 0.0875 0.58359375 0.0078125 0.03125
0 0.11875 0.59453125 0.009375 0.028125