0 0.05625 0.78828125 0.109375 0.3171875
0 0.13515625 0.77265625 0.203125 0.36875
0 0.44921875 0.65625 0.03125 0.0671875
0 0.44765625 0.6625 0.0859375 0.1546875
0 0.60234375 0.53359375 0.034375 0.0765625
0 0.6046875 0.51640625 0.03125 0.0890625
0 0.6296875 0.54296875 0.040625 0.0609375
0 0.7890625 0.60234375 0.0421875 0.0703125
0 0.36953125 0.65390625 0.08125 0.1453125
0 0.478125 0.53984375 0.0234375 0.10625
0 0.6765625 0.58203125 0.0625 0.14375
0 0.69765625 0.53515625 0.0375 0.08125
0 0.72109375 0.546875 0.0328125 0.05625