0 0.759375 0.54921875 0.146875 0.3359375
0 0.390625 0.2765625 0.0375 0.1328125
0 0.0921875 0.29296875 0.0703125 0.1046875
0 0.50390625 0.2328125 0.021875 0.08125
0 0.66796875 0.20234375 0.0140625 0.025
0 0.740625 0.15546875 0.003125 0.0046875
0 0.19453125 0.05859375 0.015625 0.0484375
0 0.77265625 0.31171875 0.0375 0.1609375
0 0.5765625 0.23046875 0.040625 0.09375
0 0.640625 0.25234375 0.0296875 0.0671875
0 0.59296875 0.24765625 0.0296875 0.0578125
0 0.68515625 0.25546875 0.0296875 0.053125
0 0.953125 0.615625 0.090625 0.23125