0 0.45859375 0.50546875 0.384375 0.7546875
0 0.55078125 0.68515625 0.0890625 0.3984375
0 0.25859375 0.64296875 0.021875 0.0796875
0 0.5109375 0.6171875 0.0140625 0.075
0 0.10859375 0.65 0.0109375 0.0375
0 0.0828125 0.6453125 0.01875 0.08125
0 0.0671875 0.6578125 0.0125 0.0484375
0 0.21796875 0.6296875 0.021875 0.1171875
0 0.725 0.5890625 0.0234375 0.08125
0 0.14140625 0.6453125 0.0140625 0.0765625
0 0.15546875 0.64375 0.0125 0.071875
0 0.33125 0.615625 0.0609375 0.140625
0 0.0390625 0.66640625 0.00625 0.0375