0 0.43046875 0.38984375 0.034375 0.103125
0 0.4765625 0.37109375 0.08125 0.159375
0 0.60078125 0.38125 0.1 0.125
0 0.64609375 0.3578125 0.046875 0.1015625
0 0.7796875 0.38125 0.1265625 0.121875
0 0.2265625 0.515625 0.0390625 0.09375
0 0.19296875 0.52265625 0.028125 0.059375
0 0.16015625 0.49765625 0.05 0.0546875
0 0.30546875 0.39453125 0.0375 0.1015625
0 0.690625 0.36875 0.078125 0.13125
0 0.39140625 0.39296875 0.0390625 0.10625
0 0.25625 0.51875 0.0234375 0.075
0 0.309375 0.43984375 0.1046875 0.05625