0 0.69453125 0.6609375 0.2515625 0.35625
0 0.165625 0.40703125 0.1046875 0.103125
0 0.39375 0.39765625 0.0875 0.103125
0 0.49375 0.3984375 0.1125 0.1
0 0.56796875 0.3953125 0.08125 0.0921875
0 0.646875 0.39140625 0.0984375 0.0921875
0 0.72578125 0.39453125 0.08125 0.0796875
0 0.80390625 0.3859375 0.08125 0.0859375
0 0.08828125 0.51015625 0.0984375 0.175
0 0.040625 0.33671875 0.0765625 0.0921875
0 0.74140625 0.3265625 0.0671875 0.1046875
0 0.16484375 0.271875 0.09375 0.128125
0 0.253125 0.26328125 0.0875 0.1234375