0 0.115625 0.72421875 0.2203125 0.4515625
0 0.41875 0.7171875 0.1609375 0.4765625
0 0.58046875 0.75546875 0.240625 0.471875
0 0.66015625 0.71171875 0.171875 0.453125
0 0.853125 0.7234375 0.234375 0.44375
0 0.8671875 0.55 0.140625 0.615625
0 0.73359375 0.21796875 0.1125 0.2859375
0 0.6625 0.4328125 0.103125 0.3671875
0 0.2796875 0.73671875 0.1703125 0.440625
0 0.8265625 0.2453125 0.090625 0.284375
0 0.72421875 0.23203125 0.1171875 0.2875
0 0.36015625 0.2546875 0.1125 0.2671875
0 0.2453125 0.5296875 0.11875 0.6140625