0 0.5796875 0.465625 0.075 0.628125
0 0.29609375 0.4234375 0.515625 0.503125
0 0.546875 0.5859375 0.90625 0.8
0 0.2390625 0.36640625 0.1703125 0.2203125
0 0.26171875 0.29609375 0.04375 0.0734375
0 0.03515625 0.29453125 0.034375 0.1046875
0 0.08671875 0.3046875 0.040625 0.125
0 0.11875 0.2640625 0.034375 0.05
0 0.16171875 0.2953125 0.0328125 0.0921875
0 0.23125 0.31171875 0.0671875 0.0921875
0 0.00078125 0.00078125 0.0015625 0.0015625
0 0.33984375 0.31015625 0.0984375 0.178125
0 0.0546875 0.30859375 0.0390625 0.1234375