0 0.12578125 0.44765625 0.228125 0.5390625
0 0.54296875 0.70859375 0.2015625 0.4640625
0 0.778125 0.24609375 0.0703125 0.075
0 0.03046875 0.4546875 0.0609375 0.31875
0 0.22265625 0.09921875 0.0609375 0.1328125
0 0.22421875 0.03046875 0.04375 0.0609375
0 0.1828125 0.084375 0.046875 0.11875
0 0.1515625 0.04453125 0.05 0.08125
0 0.45703125 0.1578125 0.0421875 0.0625
0 0.46875 0.196875 0.0671875 0.09375
0 0.29609375 0.075 0.03125 0.053125
0 0.9640625 0.0640625 0.053125 0.11875
0 0.49921875 0.2109375 0.053125 0.1125