0 0.2328125 0.640625 0.4125 0.6875
0 0.09375 0.46171875 0.1703125 0.40625
0 0.31875 0.35390625 0.10625 0.1875
0 0.43046875 0.29765625 0.0609375 0.2125
0 0.38828125 0.37265625 0.040625 0.140625
0 0.49296875 0.28046875 0.046875 0.1140625
0 0.85546875 0.6671875 0.2890625 0.6375
0 0.7890625 0.52578125 0.240625 0.4703125
0 0.66875 0.296875 0.053125 0.1
0 0.70234375 0.4453125 0.0515625 0.1796875
0 0.73203125 0.33203125 0.071875 0.1328125
0 0.36875 0.759375 0.1546875 0.325
0 0.575 0.4390625 0.184375 0.49375