0 0.18203125 0.54140625 0.3640625 0.896875
0 0.0671875 0.5015625 0.1046875 0.2578125
0 0.53125 0.46015625 0.065625 0.1015625
0 0.3984375 0.56015625 0.1515625 0.3
0 0.96640625 0.5796875 0.065625 0.4265625
0 0.88203125 0.42578125 0.0890625 0.1109375
0 0.7140625 0.6265625 0.4109375 0.7234375
0 0.90703125 0.3765625 0.046875 0.0875
0 0.9546875 0.43671875 0.0203125 0.075
0 0.03671875 0.5328125 0.0734375 0.2046875
0 0.6453125 0.415625 0.0890625 0.159375
0 0.92890625 0.0453125 0.0734375 0.090625
0 0.6203125 0.45859375 0.040625 0.103125