0 0.0578125 0.54765625 0.0734375 0.2125
0 0.12578125 0.54765625 0.040625 0.103125
0 0.02265625 0.50859375 0.0421875 0.109375
0 0.77578125 0.640625 0.015625 0.05625
0 0.83984375 0.60390625 0.0140625 0.0421875
0 0.12265625 0.50859375 0.028125 0.0671875
0 0.7359375 0.6328125 0.03125 0.078125
0 0.790625 0.65 0.015625 0.0359375
0 0.38125 0.5828125 0.0140625 0.08125
0 0.5171875 0.5921875 0.015625 0.0390625
0 0.26796875 0.54609375 0.021875 0.0640625
0 0.25078125 0.54453125 0.015625 0.05
0 0.3546875 0.55859375 0.0234375 0.078125