0 0.50390625 0.5328125 0.0921875 0.1484375
0 0.521875 0.325 0.0234375 0.059375
0 0.5453125 0.34140625 0.0296875 0.09375
0 0.6296875 0.2921875 0.028125 0.0515625
0 0.60546875 0.3625 0.0328125 0.0515625
0 0.6609375 0.31796875 0.0296875 0.0609375
0 0.68515625 0.30078125 0.0296875 0.0703125
0 0.6359375 0.36875 0.0265625 0.040625
0 0.6640625 0.36953125 0.028125 0.0421875
0 0.578125 0.34140625 0.03125 0.075
0 0.66015625 0.3546875 0.028125 0.0515625
0 0.71640625 0.34375 0.0234375 0.0546875
0 0.7046875 0.35078125 0.040625 0.059375