0 0.6390625 0.44140625 0.0828125 0.3203125
0 0.1890625 0.4640625 0.15 0.53125
0 0.87734375 0.42265625 0.1078125 0.4140625
0 0.9671875 0.4265625 0.0640625 0.365625
0 0.7828125 0.38984375 0.075 0.38125
0 0.5359375 0.37265625 0.046875 0.184375
0 0.49453125 0.39375 0.0609375 0.2359375
0 0.84609375 0.39609375 0.04375 0.3421875
0 0.090625 0.4359375 0.040625 0.1984375
0 0.66796875 0.28125 0.04375 0.1265625
0 0.36796875 0.5546875 0.315625 0.8265625
0 0.80625 0.3828125 0.0640625 0.309375
0 0.52578125 0.35390625 0.0265625 0.1546875