0 0.190625 0.615625 0.1109375 0.328125
0 0.03984375 0.65703125 0.03125 0.178125
0 0.01015625 0.65703125 0.0203125 0.178125
0 0.284375 0.50546875 0.05625 0.121875
0 0.4171875 0.54453125 0.0375 0.1328125
0 0.3921875 0.60546875 0.0546875 0.25
0 0.4765625 0.58203125 0.1109375 0.3140625
0 0.771875 0.54296875 0.075 0.25625
0 0.671875 0.58046875 0.1328125 0.34375
0 0.35390625 0.6390625 0.08125 0.3890625
0 0.5703125 0.51640625 0.0828125 0.196875
0 0.93125 0.5015625 0.0609375 0.21875
0 0.84765625 0.553125 0.0703125 0.2140625