0 0.91796875 0.19765625 0.0875 0.0578125
0 0.6015625 0.14921875 0.046875 0.05
0 0.51796875 0.14453125 0.065625 0.0453125
0 0.05234375 0.15078125 0.0390625 0.0765625
0 0.75078125 0.18046875 0.04375 0.0203125
0 0.55390625 0.14765625 0.0515625 0.0515625
0 0.81171875 0.203125 0.06875 0.0046875
0 0.90625 0.18125 0.065625 0.0578125
0 0.9453125 0.1609375 0.053125 0.028125
0 0.9703125 0.2078125 0.059375 0.0828125
0 0.8078125 0.184375 0.025 0.0328125
0 0.6859375 0.1734375 0.06875 0.0328125
0 0.78203125 0.1796875 0.0390625 0.0375