0 0.77265625 0.8140625 0.2953125 0.3609375
0 0.95625 0.59609375 0.0171875 0.0703125
0 0.9046875 0.6359375 0.05 0.034375
0 0.8890625 0.6296875 0.0265625 0.0515625
0 0.61796875 0.57109375 0.009375 0.0421875
0 0.38984375 0.603125 0.0140625 0.053125
0 0.2515625 0.58984375 0.021875 0.090625
0 0.265625 0.590625 0.0203125 0.0796875
0 0.14296875 0.590625 0.0171875 0.05625
0 0.3765625 0.61328125 0.0125 0.0234375
0 0.6109375 0.5734375 0.0078125 0.034375
0 0.96796875 0.60703125 0.040625 0.009375
0 0.62734375 0.57109375 0.0109375 0.04375