0 0.4546875 0.63984375 0.18125 0.6421875
0 0.28828125 0.6140625 0.1875 0.6984375
0 0.503125 0.38203125 0.0171875 0.0546875
0 0.12578125 0.525 0.0546875 0.2125
0 0.3734375 0.39609375 0.015625 0.0421875
0 0.39609375 0.3203125 0.0171875 0.0453125
0 0.553125 0.34921875 0.0109375 0.05
0 0.3734375 0.353125 0.0171875 0.05625
0 0.39765625 0.36328125 0.0109375 0.05
0 0.47890625 0.3765625 0.0171875 0.05
0 0.50625 0.34140625 0.00625 0.0234375
0 0.72265625 0.35078125 0.0140625 0.05
0 0.5796875 0.346875 0.021875 0.05625