0 0.10390625 0.3421875 0.0578125 0.084375
0 0.8828125 0.809375 0.1828125 0.1640625
0 0.778125 0.43828125 0.090625 0.0765625
0 0.959375 0.44921875 0.08125 0.0859375
0 0.41171875 0.22578125 0.0234375 0.0421875
0 0.60078125 0.72734375 0.1015625 0.0796875
0 0.0609375 0.63125 0.0546875 0.1046875
0 0.85859375 0.2390625 0.0203125 0.0203125
0 0.5765625 0.309375 0.0390625 0.0234375
0 0.3828125 0.53828125 0.1171875 0.0921875
0 0.759375 0.34609375 0.0421875 0.0359375
0 0.17578125 0.37109375 0.065625 0.04375