0 0.784375 0.7296875 0.159375 0.3953125
0 0.86015625 0.25234375 0.05 0.0890625
0 0.91171875 0.32421875 0.08125 0.1953125
0 0.47265625 0.21875 0.0875 0.18125
0 0.959375 0.6296875 0.08125 0.609375
0 0.80703125 0.30625 0.10625 0.203125
0 0.96875 0.3328125 0.0625 0.1984375
0 0.5203125 0.21328125 0.053125 0.184375
0 0.37109375 0.23125 0.0953125 0.20625
0 0.66328125 0.27578125 0.0875 0.1890625
0 0.6609375 0.20859375 0.0875 0.0890625
0 0.32578125 0.175 0.075 0.23125
0 0.46640625 0.59453125 0.2703125 0.5765625