0 0.36875 0.425 0.18125 0.2984375
0 0.9046875 0.56953125 0.0921875 0.2015625
0 0.57109375 0.453125 0.021875 0.0546875
0 0.2875 0.4328125 0.01875 0.0421875
0 0.203125 0.43515625 0.015625 0.03125
0 0.65390625 0.42265625 0.025 0.0390625
0 0.19296875 0.58984375 0.0171875 0.0546875
0 0.10078125 0.3421875 0.0140625 0.0296875
0 0.19296875 0.30078125 0.009375 0.046875
0 0.12109375 0.471875 0.01875 0.025
0 0.65234375 0.20078125 0.0359375 0.1125
0 0.76875 0.19609375 0.03125 0.1125
0 0.0109375 0.59921875 0.015625 0.0484375