0 0.57890625 0.6 0.496875 0.8
0 0.8640625 0.42734375 0.271875 0.5890625
0 0.803125 0.19453125 0.1359375 0.2484375
0 0.8671875 0.14765625 0.04375 0.1046875
0 0.30703125 0.1625 0.096875 0.21875
0 0.60625 0.14296875 0.14375 0.1421875
0 0.38125 0.26328125 0.2359375 0.0328125
0 0.2796875 0.10546875 0.046875 0.14375
0 0.2390625 0.07421875 0.04375 0.09375
0 0.09609375 0.096875 0.0953125 0.1609375
0 0.16328125 0.05390625 0.0625 0.0796875
0 0.03125 0.07109375 0.0625 0.1109375
0 0.7515625 0.08671875 0.090625 0.1703125