0 0.52421875 0.79765625 0.025 0.13125
0 0.15703125 0.79765625 0.03125 0.059375
0 0.21328125 0.79609375 0.0265625 0.121875
0 0.59375 0.765625 0.0078125 0.028125
0 0.6015625 0.76328125 0.01875 0.0515625
0 0.6375 0.7703125 0.0171875 0.0421875
0 0.65625 0.77265625 0.01875 0.0453125
0 0.69140625 0.84453125 0.0234375 0.1875
0 0.0203125 0.7953125 0.0390625 0.121875
0 0.75234375 0.76796875 0.05 0.0875
0 0.96015625 0.76015625 0.021875 0.0890625
0 0.65 0.75390625 0.009375 0.0359375
0 0.1375 0.78203125 0.0171875 0.0359375