0 0.4171875 0.5609375 0.0265625 0.0671875
0 0.121875 0.78984375 0.1140625 0.246875
0 0.03515625 0.621875 0.0421875 0.171875
0 0.08984375 0.625 0.0546875 0.15625
0 0.9671875 0.49375 0.0640625 0.078125
0 0.62578125 0.61171875 0.2078125 0.7
0 0.47265625 0.5234375 0.0265625 0.0625
0 0.0640625 0.640625 0.0296875 0.1140625
0 0.16484375 0.55078125 0.0265625 0.0734375
0 0.3296875 0.55703125 0.028125 0.140625
0 0.37109375 0.5390625 0.0375 0.1375
0 0.41328125 0.5375 0.0421875 0.096875
0 0.8359375 0.475 0.0296875 0.075