0 0.4640625 0.603125 0.9203125 0.7703125
0 0.81953125 0.56875 0.346875 0.634375
0 0.709375 0.35546875 0.0953125 0.1140625
0 0.0265625 0.31953125 0.053125 0.0921875
0 0.62890625 0.41875 0.128125 0.1359375
0 0.89609375 0.23671875 0.0796875 0.071875
0 0.21328125 0.19765625 0.09375 0.0796875
0 0.07578125 0.271875 0.05625 0.0625
0 0.0171875 0.26015625 0.034375 0.0390625
0 0.68046875 0.3734375 0.1171875 0.140625
0 0.5609375 0.43671875 0.0609375 0.109375
0 0.059375 0.24453125 0.0578125 0.05625
0 0.69453125 0.234375 0.0421875 0.0453125