0 0.3828125 0.565625 0.2078125 0.646875
0 0.9078125 0.53125 0.1515625 0.615625
0 0.29296875 0.5 0.340625 0.9546875
0 0.73125 0.44453125 0.0046875 0.096875
0 0.534375 0.5671875 0.1265625 0.3765625
0 0.65234375 0.44765625 0.0390625 0.090625
0 0.084375 0.60234375 0.109375 0.38125
0 0.125 0.60390625 0.0875 0.3796875
0 0.10703125 0.14140625 0.0765625 0.2359375
0 0.71953125 0.3359375 0.075 0.2484375
0 0.51015625 0.390625 0.059375 0.1703125
0 0.29609375 0.24765625 0.0609375 0.3140625
0 0.365625 0.2078125 0.05 0.1015625