0 0.54453125 0.44765625 0.5453125 0.4203125
0 0.65 0.68046875 0.0953125 0.1171875
0 0.5515625 0.709375 0.1078125 0.1046875
0 0.44609375 0.71640625 0.103125 0.153125
0 0.28203125 0.69375 0.0765625 0.2046875
0 0.17890625 0.7015625 0.1234375 0.2296875
0 0.359375 0.72265625 0.0796875 0.15
0 0.53359375 0.596875 0.0515625 0.0578125
0 0.05859375 0.6015625 0.0578125 0.046875
0 0.01015625 0.60078125 0.0203125 0.05625
0 0.64765625 0.60078125 0.0296875 0.05
0 0.03359375 0.7015625 0.0671875 0.159375
0 0.10546875 0.5984375 0.0578125 0.0515625