0 0.49609375 0.36171875 0.24375 0.7234375
0 0.93125 0.10078125 0.1203125 0.2015625
0 0.7984375 0.28046875 0.0796875 0.2625
0 0.74375 0.20546875 0.1171875 0.3421875
0 0.67734375 0.11875 0.0609375 0.2375
0 0.5828125 0.1 0.04375 0.18125
0 0.80859375 0.1 0.059375 0.1171875
0 0.8390625 0.10546875 0.0390625 0.1171875
0 0.9875 0.1125 0.025 0.1453125
0 0.88515625 0.10703125 0.046875 0.1734375
0 0.85859375 0.09296875 0.0171875 0.0734375
0 0.61015625 0.13203125 0.0421875 0.2140625
0 0.31328125 0.075 0.0125 0.0203125