0 0.51953125 0.51796875 0.2953125 0.66875
0 0.35859375 0.240625 0.153125 0.4015625
0 0.2578125 0.18984375 0.115625 0.2890625
0 0.81953125 0.35546875 0.209375 0.7109375
0 0.634375 0.16328125 0.084375 0.209375
0 0.5578125 0.13671875 0.084375 0.1890625
0 0.59765625 0.42265625 0.1609375 0.4453125
0 0.7109375 0.3078125 0.0984375 0.534375
0 0.5078125 0.1875 0.084375 0.0703125
0 0.30625 0.10546875 0.0046875 0.1234375
0 0.5328125 0.57421875 0.521875 0.4046875
0 0.4734375 0.12265625 0.0890625 0.2
0 0.18984375 0.296875 0.0921875 0.5140625