0 0.32109375 0.51796875 0.0359375 0.10625
0 0.6890625 0.58125 0.065625 0.225
0 0.8 0.515625 0.015625 0.0796875
0 0.87734375 0.53125 0.0328125 0.1015625
0 0.93203125 0.5375 0.0328125 0.1140625
0 0.33828125 0.52265625 0.025 0.0984375
0 0.76875 0.55625 0.040625 0.16875
0 0.8125 0.578125 0.065625 0.2109375
0 0.71796875 0.49765625 0.0140625 0.0390625
0 0.38984375 0.49140625 0.01875 0.0453125
0 0.17421875 0.50546875 0.0234375 0.0625
0 0.2234375 0.50703125 0.0140625 0.0703125
0 0.73125 0.54765625 0.0203125 0.13125