0 0.68046875 0.59296875 0.1578125 0.3265625
0 0.55078125 0.5234375 0.1359375 0.271875
0 0.66015625 0.4546875 0.1015625 0.1859375
0 0.559375 0.37578125 0.0875 0.1515625
0 0.62734375 0.36796875 0.0765625 0.1921875
0 0.47890625 0.4453125 0.10625 0.234375
0 0.49921875 0.32265625 0.0625 0.115625
0 0.41328125 0.3921875 0.121875 0.25
0 0.38046875 0.33515625 0.0734375 0.2140625
0 0.43125 0.2390625 0.05625 0.08125
0 0.4671875 0.28515625 0.05625 0.1328125
0 0.31015625 0.28046875 0.0546875 0.090625
0 0.328125 0.3078125 0.0984375 0.2015625