0 0.3609375 0.64453125 0.2921875 0.615625
0 0.22578125 0.465625 0.0875 0.328125
0 0.4421875 0.38828125 0.10625 0.196875
0 0.14296875 0.471875 0.10625 0.3734375
0 0.03203125 0.4953125 0.0640625 0.47421875
0 0.07578125 0.33984375 0.0296875 0.09375
0 0.50625 0.4171875 0.0265625 0.134375
0 0.165625 0.35234375 0.0203125 0.04375
0 0.1921875 0.43046875 0.0421875 0.225
0 0.53125 0.4109375 0.0421875 0.1453125
0 0.28671875 0.371875 0.053125 0.1359375
0 0.3046875 0.41953125 0.053125 0.2390625
0 0.0921875 0.44609375 0.04375 0.2515625