0 0.45078125 0.65703125 0.15625 0.1734375
0 0.4359375 0.87890625 0.209375 0.2421875
0 0.23515625 0.790625 0.303125 0.4171875
0 0.6265625 0.62421875 0.159375 0.128125
0 0.065625 0.646875 0.0375 0.1421875
0 0.76640625 0.68515625 0.121875 0.25625
0 0.77890625 0.690625 0.11875 0.253125
0 0.41328125 0.75234375 0.096875 0.128125
0 0.284375 0.63984375 0.096875 0.146875
0 0.13828125 0.6359375 0.0859375 0.134375
0 0.08984375 0.58046875 0.0234375 0.0234375
0 0.90234375 0.7359375 0.1953125 0.2046875
0 0.18203125 0.57578125 0.0265625 0.0265625