0 0.52890625 0.715625 0.178125 0.4609375
0 0.0546875 0.67109375 0.103125 0.4203125
0 0.253125 0.03046875 0.06875 0.0578125
0 0.4359375 0.25859375 0.0875 0.2296875
0 0.29375 0.71640625 0.1296875 0.3015625
0 0.25703125 0.24375 0.0859375 0.2859375
0 0.79765625 0.234375 0.1046875 0.2015625
0 0.871875 0.22578125 0.078125 0.18125
0 0.0828125 0.31328125 0.05625 0.1984375
0 0.5453125 0.25234375 0.0859375 0.2140625
0 0.6 0.25234375 0.109375 0.2109375
0 0.03203125 0.04140625 0.0578125 0.0828125
0 0.7375 0.23046875 0.0828125 0.2140625