0 0.45859375 0.50703125 0.359375 0.9390625
0 0.26640625 0.1921875 0.1625 0.328125
0 0.06953125 0.309375 0.1390625 0.6109375
0 0.71953125 0.61015625 0.5609375 0.7796875
0 0.86953125 0.27890625 0.09375 0.1828125
0 0.9359375 0.4296875 0.128125 0.3328125
0 0.89609375 0.1734375 0.0375 0.071875
0 0.6859375 0.115625 0.05625 0.1328125
0 0.56015625 0.209375 0.0796875 0.196875
0 0.75 0.18984375 0.0953125 0.13125
0 0.93125 0.25859375 0.0703125 0.1734375
0 0.81015625 0.15234375 0.0375 0.0703125
0 0.8578125 0.2046875 0.06875 0.090625