0 0.434375 0.69609375 0.3828125 0.58125
0 0.121875 0.68984375 0.24375 0.6203125
0 0.71953125 0.34609375 0.1890625 0.60625
0 0.1515625 0.128125 0.0890625 0.0953125
0 0.215625 0.046875 0.0640625 0.0828125
0 0.30234375 0.05703125 0.0578125 0.1
0 0.96015625 0.09140625 0.0796875 0.1234375
0 0.91328125 0.18359375 0.0890625 0.0984375
0 0.4984375 0.34609375 0.0984375 0.2609375
0 0.58046875 0.10078125 0.0890625 0.1328125
0 0.16796875 0.103125 0.0671875 0.1375
0 0.84140625 0.17890625 0.0796875 0.10625
0 0.346875 0.08359375 0.0703125 0.0953125