0 0.3 0.89921875 0.053125 0.15
0 0.2203125 0.86953125 0.0328125 0.1171875
0 0.3734375 0.9046875 0.0625 0.15625
0 0.5671875 0.859375 0.028125 0.0625
0 0.58046875 0.85625 0.0171875 0.05625
0 0.60390625 0.86640625 0.01875 0.034375
0 0.8984375 0.88828125 0.0359375 0.084375
0 0.921875 0.89609375 0.0453125 0.0796875
0 0.85703125 0.85546875 0.03125 0.040625
0 0.97265625 0.86796875 0.0546875 0.0453125
0 0.9703125 0.865625 0.025 0.025
0 0.78828125 0.8390625 0.0109375 0.0234375
0 0.6203125 0.85859375 0.0203125 0.0578125