0 0.796875 0.66640625 0.1546875 0.25
0 0.690625 0.72109375 0.0640625 0.1671875
0 0.4 0.696875 0.1046875 0.1734375
0 0.24453125 0.653125 0.05625 0.125
0 0.17890625 0.63828125 0.08125 0.178125
0 0.12421875 0.6375 0.05625 0.178125
0 0.91015625 0.66328125 0.1078125 0.2109375
0 0.546875 0.565625 0.01875 0.0375
0 0.73046875 0.575 0.0421875 0.0640625
0 0.26015625 0.59453125 0.0609375 0.0765625
0 0.459375 0.63359375 0.0703125 0.2015625
0 0.496875 0.6671875 0.1125 0.2296875
0 0.378125 0.63359375 0.1078125 0.1625