0 0.6625 0.56640625 0.1453125 0.0953125
0 0.5609375 0.5265625 0.1171875 0.3703125
0 0.75 0.46953125 0.1015625 0.521875
0 0.371875 0.55 0.1328125 0.4421875
0 0.2671875 0.5703125 0.1171875 0.5015625
0 0.22265625 0.44296875 0.1015625 0.58125
0 0.303125 0.290625 0.0796875 0.26875
0 0.38046875 0.271875 0.1078125 0.26875
0 0.49140625 0.2578125 0.11875 0.2765625
0 0.5921875 0.2703125 0.1 0.2765625
0 0.45625 0.53359375 0.2703125 0.43125
0 0.7125 0.3125 0.1578125 0.30625
0 0.52109375 0.8046875 0.421875 0.390625