0 0.30078125 0.66015625 0.078125 0.346875
0 0.88125 0.625 0.084375 0.3140625
0 0.40703125 0.51640625 0.0390625 0.1
0 0.47734375 0.6828125 0.0625 0.3375
0 0.5125 0.67109375 0.0046875 0.33125
0 0.53515625 0.63125 0.04375 0.3203125
0 0.590625 0.66484375 0.0515625 0.309375
0 0.640625 0.6578125 0.071875 0.325
0 0.66640625 0.5125 0.0328125 0.0859375
0 0.36328125 0.6671875 0.09375 0.375
0 0.584375 0.51015625 0.0453125 0.0890625
0 0.41953125 0.74140625 0.053125 0.309375
0 0.4296875 0.58671875 0.065625 0.1875