0 0.7234375 0.7375 0.0234375 0.1234375
0 0.6828125 0.70546875 0.028125 0.078125
0 0.65703125 0.7109375 0.0265625 0.1171875
0 0.91015625 0.909375 0.0328125 0.0828125
0 0.6703125 0.69140625 0.0203125 0.109375
0 0.64765625 0.68046875 0.0328125 0.1125
0 0.86875 0.909375 0.0375 0.10625
0 0.56640625 0.91328125 0.0390625 0.10625
0 0.696875 0.634375 0.0296875 0.04375
0 0.965625 0.85625 0.0375 0.1328125
0 0.9640625 0.95859375 0.03125 0.0828125
0 0.6953125 0.746875 0.03125 0.1328125
0 0.9015625 0.96484375 0.0421875 0.0703125