0 0.1703125 0.3921875 0.0203125 0.04375
0 0.203125 0.5734375 0.0265625 0.11875
0 0.16328125 0.55390625 0.034375 0.1140625
0 0.134375 0.53828125 0.0265625 0.121875
0 0.52265625 0.31953125 0.1046875 0.2359375
0 0.09296875 0.52109375 0.028125 0.1125
0 0.0625 0.50078125 0.028125 0.1078125
0 0.04765625 0.5 0.0203125 0.09375
0 0.15234375 0.39140625 0.01875 0.025
0 0.39609375 0.61015625 0.0140625 0.0515625
0 0.18515625 0.56875 0.025 0.1125
0 0.14453125 0.54921875 0.0234375 0.1078125
0 0.10859375 0.52578125 0.021875 0.1125