0 0.50078125 0.38046875 0.3375 0.4078125
0 0.2515625 0.29375 0.221875 0.49375
0 0.190625 0.19921875 0.0703125 0.2109375
0 0.82109375 0.18125 0.1046875 0.1328125
0 0.6453125 0.159375 0.0375 0.0671875
0 0.76640625 0.15 0.0375 0.0796875
0 0.07734375 0.27734375 0.1515625 0.553125
0 0.39375 0.1640625 0.0875 0.146875
0 0.59609375 0.196875 0.159375 0.2453125
0 0.5046875 0.23203125 0.065625 0.234375
0 0.45546875 0.1625 0.046875 0.090625
0 0.9390625 0.20625 0.0796875 0.09375
0 0.9078125 0.1625 0.084375 0.1375