0 0.27265625 0.41015625 0.4578125 0.765625
0 0.64765625 0.17734375 0.1078125 0.228125
0 0.77421875 0.1359375 0.1140625 0.134375
0 0.7453125 0.28515625 0.2140625 0.2140625
0 0.55 0.321875 0.1984375 0.1578125
0 0.503125 0.16171875 0.1171875 0.178125
0 0.95 0.13984375 0.090625 0.171875
0 0.89453125 0.12421875 0.0609375 0.15625
0 0.44296875 0.0921875 0.08125 0.065625
0 0.1296875 0.20625 0.0625 0.0984375
0 0.078125 0.221875 0.1453125 0.0703125
0 0.8265625 0.11796875 0.0609375 0.0921875
0 0.0765625 0.1421875 0.0875 0.1046875