0 0.14296875 0.18046875 0.059375 0.2296875
0 0.2296875 0.19296875 0.096875 0.3828125
0 0.3078125 0.109375 0.0609375 0.21875
0 0.47578125 0.19765625 0.11875 0.3953125
0 0.37734375 0.11484375 0.096875 0.2296875
0 0.7921875 0.10703125 0.0375 0.2140625
0 0.84140625 0.1078125 0.0515625 0.215625
0 0.5625 0.13984375 0.0921875 0.2796875
0 0.146875 0.19375 0.0984375 0.3875
0 0.2 0.21796875 0.0796875 0.4296875
0 0.89375 0.084375 0.0546875 0.16875
0 0.11796875 0.025 0.0296875 0.0390625
0 0.01640625 0.3140625 0.0328125 0.4703125