0 0.41328125 0.4671875 0.14375 0.296875
0 0.52265625 0.41015625 0.0828125 0.15625
0 0.696875 0.41796875 0.0625 0.1734375
0 0.32109375 0.365625 0.0375 0.075
0 0.840625 0.43125 0.0421875 0.0953125
0 0.471875 0.403125 0.04375 0.134375
0 0.21484375 0.37578125 0.0375 0.1
0 0.1875 0.396875 0.0796875 0.090625
0 0.265625 0.36875 0.0296875 0.040625
0 0.13203125 0.3734375 0.04375 0.09375
0 0.01875 0.38984375 0.0375 0.1453125
0 0.60859375 0.3859375 0.05 0.0890625
0 0.36015625 0.37109375 0.0390625 0.0859375