0 0.809375 0.1953125 0.121875 0.125
0 0.703125 0.159375 0.0453125 0.090625
0 0.33671875 0.215625 0.1625 0.2734375
0 0.490625 0.16171875 0.078125 0.1125
0 0.5421875 0.24140625 0.1421875 0.175
0 0.64921875 0.2046875 0.125 0.2359375
0 0.209375 0.34140625 0.16875 0.2296875
0 0.73984375 0.32578125 0.2703125 0.175
0 0.90234375 0.50703125 0.1953125 0.3046875
0 0.13671875 0.2359375 0.1375 0.109375
0 0.1328125 0.540625 0.259375 0.3
0 0.934375 0.1109375 0.13125 0.221875
0 0.13828125 0.346875 0.2359375 0.140625