0 0.7 0.36640625 0.0296875 0.125
0 0.74609375 0.284375 0.0296875 0.1171875
0 0.72734375 0.38359375 0.0265625 0.1375
0 0.77890625 0.28046875 0.0375 0.1140625
0 0.82421875 0.29453125 0.028125 0.1078125
0 0.840625 0.24296875 0.0125 0.0328125
0 0.87734375 0.23203125 0.0109375 0.0265625
0 0.925 0.26640625 0.0296875 0.0640625
0 0.41015625 0.54140625 0.08125 0.1828125
0 0.6609375 0.36640625 0.025 0.1140625
0 0.21953125 0.24296875 0.01875 0.05
0 0.925 0.35234375 0.0578125 0.1453125
0 0.85078125 0.29296875 0.03125 0.1078125