0 0.503125 0.609375 0.3234375 0.7234375
0 0.35859375 0.23359375 0.075 0.2140625
0 0.4515625 0.296875 0.1578125 0.2140625
0 0.5828125 0.1921875 0.0046875 0.078125
0 0.61796875 0.2359375 0.0796875 0.2546875
0 0.60390625 0.35625 0.1453125 0.2546875
0 0.1125 0.528125 0.225 0.621875
0 0.71875 0.40390625 0.10625 0.51875
0 0.8671875 0.5609375 0.265625 0.64375
0 0.51796875 0.25234375 0.0640625 0.19375
0 0.2578125 0.403125 0.19375 0.434375
0 0.56171875 0.2359375 0.0921875 0.2359375
0 0.19453125 0.25859375 0.1078125 0.1984375