0 0.1546875 0.67109375 0.290625 0.415625
0 0.8625 0.53203125 0.18125 0.575
0 0.62734375 0.37578125 0.021875 0.05625
0 0.53125 0.50234375 0.075 0.140625
0 0.771875 0.4328125 0.0375 0.16875
0 0.74296875 0.44921875 0.0609375 0.2109375
0 0.80625 0.415625 0.0328125 0.121875
0 0.71953125 0.390625 0.015625 0.05625
0 0.62265625 0.44140625 0.053125 0.096875
0 0.6625 0.4109375 0.015625 0.05
0 0.64453125 0.4109375 0.021875 0.040625
0 0.696875 0.39453125 0.00625 0.0234375
0 0.6890625 0.38984375 0.0125 0.0265625