0 0.134375 0.6203125 0.26875 0.3375
0 0.084375 0.43203125 0.040625 0.1140625
0 0.4640625 0.62890625 0.0171875 0.084375
0 0.53828125 0.64296875 0.0109375 0.053125
0 0.66640625 0.640625 0.0125 0.0578125
0 0.71171875 0.634375 0.0171875 0.071875
0 0.35234375 0.621875 0.0375 0.0953125
0 0.33671875 0.64765625 0.0078125 0.046875
0 0.32578125 0.64140625 0.0125 0.0578125
0 0.50859375 0.60859375 0.01875 0.0515625
0 0.809375 0.6390625 0.01875 0.0609375
0 0.9921875 0.625 0.015625 0.084375
0 0.79609375 0.64296875 0.0109375 0.0484375