0 0.35390625 0.571875 0.278125 0.3703125
0 0.87421875 0.38984375 0.0546875 0.09375
0 0.44453125 0.4078125 0.1578125 0.153125
0 0.784375 0.44765625 0.096875 0.228125
0 0.53671875 0.39140625 0.06875 0.078125
0 0.6671875 0.3671875 0.075 0.053125
0 0.60234375 0.39140625 0.0515625 0.0609375
0 0.82734375 0.39140625 0.0453125 0.084375
0 0.5984375 0.35859375 0.0453125 0.0359375
0 0.9890625 0.3765625 0.021875 0.096875
0 0.3328125 0.36328125 0.0453125 0.05625
0 0.20234375 0.45234375 0.171875 0.175
0 0.06015625 0.4140625 0.0984375 0.1078125