0 0.7234375 0.4609375 0.0234375 0.021875
0 0.86328125 0.46015625 0.015625 0.040625
0 0.60390625 0.453125 0.0203125 0.028125
0 0.76796875 0.4625 0.0203125 0.04375
0 0.459375 0.44453125 0.025 0.0296875
0 0.74609375 0.459375 0.0203125 0.0390625
0 0.6109375 0.453125 0.0140625 0.025
0 0.85 0.4671875 0.0109375 0.0296875
0 0.71328125 0.459375 0.0140625 0.0359375
0 0.5828125 0.4453125 0.0140625 0.0203125
0 0.62734375 0.4546875 0.028125 0.0359375
0 0.6953125 0.45 0.0109375 0.0171875
0 0.68359375 0.4515625 0.015625 0.0125