0 0.63828125 0.60703125 0.5203125 0.765625
0 0.32578125 0.4125 0.178125 0.1625
0 0.1765625 0.38125 0.0953125 0.0625
0 0.915625 0.3265625 0.1421875 0.165625
0 0.7171875 0.15390625 0.178125 0.1171875
0 0.33359375 0.21171875 0.215625 0.1671875
0 0.33515625 0.828125 0.203125 0.3296875
0 0.77265625 0.32265625 0.1015625 0.1546875
0 0.03203125 0.4328125 0.0640625 0.146875
0 0.15078125 0.0140625 0.171875 0.028125
0 0.10625 0.3515625 0.18125 0.1046875
0 0.4171875 0.35390625 0.1296875 0.115625
0 0.2140625 0.0875 0.3171875 0.175