0 0.975 0.71640625 0.0453125 0.159375
0 0.33125 0.68828125 0.0609375 0.2796875
0 0.2625 0.69453125 0.078125 0.3109375
0 0.19765625 0.69296875 0.0625 0.3265625
0 0.17109375 0.69296875 0.065625 0.35
0 0.13203125 0.7109375 0.05625 0.3328125
0 0.03203125 0.71328125 0.0640625 0.4046875
0 0.01875 0.71171875 0.0375 0.3859375
0 0.95234375 0.665625 0.0328125 0.134375
0 0.50625 0.39375 0.053125 0.059375
0 0.09296875 0.71640625 0.08125 0.3515625
0 0.375 0.6921875 0.0515625 0.2390625
0 0.98984375 0.64921875 0.0203125 0.1