0 0.37265625 0.6359375 0.315625 0.6046875
0 0.11015625 0.09921875 0.071875 0.1421875
0 0.90625 0.04375 0.075 0.0875
0 0.80078125 0.6328125 0.1421875 0.490625
0 0.18046875 0.61796875 0.271875 0.709375
0 0.6625 0.134375 0.034375 0.040625
0 0.57265625 0.1359375 0.075 0.059375
0 0.75625 0.14921875 0.0921875 0.1
0 0.6125 0.64609375 0.315625 0.66875
0 0.29765625 0.13359375 0.0796875 0.215625
0 0.04765625 0.14921875 0.0046875 0.2046875
0 0.19765625 0.075 0.090625 0.0984375
0 0.43046875 0.07421875 0.0796875 0.0984375