0 0.68515625 0.53046875 0.2578125 0.6625
0 0.76796875 0.3671875 0.0609375 0.13125
0 0.490625 0.49140625 0.046875 0.0515625
0 0.2640625 0.43046875 0.04375 0.0875
0 0.09921875 0.471875 0.0421875 0.1265625
0 0.07734375 0.4515625 0.04375 0.084375
0 0.0453125 0.49375 0.0328125 0.075
0 0.80859375 0.29453125 0.0515625 0.121875
0 0.5140625 0.35546875 0.0375 0.046875
0 0.30859375 0.38125 0.028125 0.0734375
0 0.46640625 0.4765625 0.034375 0.0828125
0 0.034375 0.453125 0.01875 0.0734375
0 0.296875 0.43046875 0.028125 0.0734375