0 0.15078125 0.553125 0.15 0.45625
0 0.66640625 0.39453125 0.0265625 0.1140625
0 0.178125 0.41640625 0.078125 0.1859375
0 0.33359375 0.5609375 0.14375 0.4578125
0 0.49609375 0.44609375 0.06875 0.1921875
0 0.43203125 0.37890625 0.034375 0.103125
0 0.0859375 0.5375 0.1140625 0.40625
0 0.2375 0.47890625 0.0578125 0.1890625
0 0.47578125 0.4359375 0.0765625 0.221875
0 0.8046875 0.47109375 0.0859375 0.25
0 0.8359375 0.428125 0.0421875 0.121875
0 0.4171875 0.46640625 0.0859375 0.3078125
0 0.396875 0.5765625 0.1359375 0.5140625