0 0.56484375 0.76640625 0.3875 0.425
0 0.709375 0.753125 0.29375 0.4625
0 0.26328125 0.70234375 0.5203125 0.5953125
0 0.59609375 0.61953125 0.1109375 0.2171875
0 0.946875 0.6796875 0.10625 0.25
0 0.52265625 0.5421875 0.0640625 0.0671875
0 0.859375 0.55390625 0.1078125 0.0953125
0 0.428125 0.534375 0.0671875 0.0453125
0 0.81484375 0.31015625 0.2796875 0.3609375
0 0.73125 0.50546875 0.0578125 0.025
0 0.57578125 0.55859375 0.0421875 0.040625
0 0.89765625 0.53359375 0.0859375 0.096875
0 0.92578125 0.53125 0.04375 0.04375