0 0.01484375 0.39296875 0.0296875 0.165625
0 0.12265625 0.41484375 0.090625 0.2140625
0 0.24140625 0.409375 0.075 0.1703125
0 0.31015625 0.390625 0.0609375 0.1109375
0 0.42734375 0.3421875 0.0546875 0.1578125
0 0.01640625 0.3890625 0.0328125 0.0703125
0 0.6234375 0.3953125 0.06875 0.2421875
0 0.21015625 0.36875 0.040625 0.1015625
0 0.884375 0.35703125 0.0359375 0.059375
0 0.35390625 0.3859375 0.034375 0.084375
0 0.509375 0.39140625 0.05 0.10625
0 0.86875 0.43515625 0.090625 0.1375
0 0.2796875 0.39296875 0.0359375 0.125