0 0.0953125 0.58828125 0.0859375 0.290625
0 0.35703125 0.3828125 0.0671875 0.15
0 0.36640625 0.4671875 0.0625 0.1921875
0 0.40234375 0.41875 0.0375 0.096875
0 0.81328125 0.546875 0.0578125 0.265625
0 0.6875 0.54453125 0.0359375 0.1453125
0 0.6453125 0.5375 0.021875 0.14375
0 0.96171875 0.55390625 0.065625 0.14375
0 0.21015625 0.484375 0.025 0.046875
0 0.94140625 0.50390625 0.0171875 0.0453125
0 0.190625 0.49609375 0.028125 0.0703125
0 0.90546875 0.49296875 0.00625 0.021875
0 0.134375 0.58203125 0.0515625 0.2890625