0 0.31328125 0.7421875 0.246875 0.3375
0 0.0984375 0.2703125 0.04375 0.2671875
0 0.30703125 0.26171875 0.04375 0.2875
0 0.1265625 0.27890625 0.025 0.1828125
0 0.34140625 0.24921875 0.0515625 0.3296875
0 0.6359375 0.3015625 0.028125 0.1375
0 0.80625 0.29296875 0.01875 0.146875
0 0.09921875 0.27734375 0.025 0.1859375
0 0.6125 0.2859375 0.0125 0.0765625
0 0.5109375 0.296875 0.015625 0.1125
0 0.834375 0.29453125 0.021875 0.14375
0 0.68828125 0.3015625 0.0140625 0.0765625
0 0.5421875 0.2875 0.0171875 0.109375