0 0.48984375 0.91484375 0.04375 0.06875
0 0.56171875 0.8671875 0.034375 0.021875
0 0.58828125 0.86484375 0.0203125 0.01875
0 0.9203125 0.82578125 0.0078125 0.01875
0 0.3 0.8359375 0.0140625 0.034375
0 0.74375 0.85703125 0.0515625 0.015625
0 0.94609375 0.821875 0.0078125 0.01875
0 0.96875 0.81875 0.0046875 0.0125
0 0.3109375 0.840625 0.00625 0.015625
0 0.26328125 0.83515625 0.0078125 0.0125
0 0.4359375 0.825 0.0125 0.015625
0 0.25234375 0.82109375 0.00625 0.0125
0 0.27890625 0.82265625 0.00625 0.0125