0 0.4328125 0.409375 0.1578125 0.6125
0 0.2046875 0.41015625 0.090625 0.5109375
0 0.89140625 0.59609375 0.20625 0.78125
0 0.8046875 0.240625 0.103125 0.2546875
0 0.03828125 0.23984375 0.0734375 0.0921875
0 0.44921875 0.21328125 0.0328125 0.1
0 0.9703125 0.2125 0.059375 0.1984375
0 0.9046875 0.24140625 0.103125 0.2234375
0 0.78125 0.20234375 0.090625 0.13125
0 0.75625 0.16328125 0.0421875 0.0734375
0 0.59609375 0.30390625 0.0890625 0.1390625
0 0.5296875 0.28359375 0.0609375 0.1421875
0 0.02265625 0.20625 0.0328125 0.0671875