0 0.18203125 0.58046875 0.2140625 0.815625
0 0.378125 0.17578125 0.0109375 0.025
0 0.3375 0.2984375 0.0421875 0.184375
0 0.43046875 0.2796875 0.0421875 0.20625
0 0.88515625 0.18046875 0.0296875 0.09375
0 0.78515625 0.19453125 0.0453125 0.1
0 0.2578125 0.29140625 0.0640625 0.2921875
0 0.234375 0.18359375 0.03125 0.0859375
0 0.715625 0.1578125 0.0140625 0.015625
0 0.9109375 0.178125 0.0265625 0.0796875
0 0.6625 0.33046875 0.1265625 0.390625
0 0.94453125 0.16640625 0.021875 0.0765625
0 0.30234375 0.23515625 0.028125 0.1328125