0 0.54609375 0.703125 0.103125 0.3703125
0 0.7109375 0.67421875 0.0984375 0.3484375
0 0.82265625 0.609375 0.0828125 0.2875
0 0.653125 0.19765625 0.0296875 0.0375
0 0.43203125 0.42109375 0.0421875 0.0984375
0 0.275 0.56171875 0.1171875 0.2796875
0 0.14453125 0.675 0.0765625 0.3515625
0 0.03359375 0.57890625 0.0671875 0.2984375
0 0.565625 0.43515625 0.0359375 0.0828125
0 0.621875 0.38203125 0.0359375 0.0859375
0 0.96875 0.603125 0.0625 0.3
0 0.859375 0.41015625 0.0359375 0.0953125
0 0.71640625 0.37265625 0.03125 0.1