0 0.1078125 0.82109375 0.2078125 0.315625
0 0.25234375 0.8171875 0.16875 0.34375
0 0.09765625 0.58515625 0.13125 0.365625
0 0.7296875 0.80625 0.2203125 0.334375
0 0.6046875 0.1609375 0.0875 0.221875
0 0.9046875 0.6625 0.15625 0.4515625
0 0.71015625 0.14296875 0.090625 0.2125
0 0.5546875 0.58515625 0.1125 0.3203125
0 0.4453125 0.27109375 0.10625 0.2875
0 0.796875 0.1234375 0.1265625 0.2421875
0 0.4 0.60234375 0.1453125 0.36875
0 0.6640625 0.60390625 0.115625 0.39375
0 0.775 0.5796875 0.1234375 0.3453125