0 0.33515625 0.75390625 0.09375 0.2234375
0 0.2171875 0.79453125 0.065625 0.1578125
0 0.146875 0.74375 0.0546875 0.253125
0 0.15546875 0.546875 0.0328125 0.0453125
0 0.53046875 0.434375 0.03125 0.0640625
0 0.40859375 0.53671875 0.0140625 0.0359375
0 0.0203125 0.50859375 0.0390625 0.090625
0 0.60546875 0.51640625 0.0171875 0.0359375
0 0.6984375 0.4984375 0.0265625 0.04375
0 0.18671875 0.5421875 0.040625 0.04375
0 0.33359375 0.5421875 0.0328125 0.0015625
0 0.7796875 0.52265625 0.025 0.0453125
0 0.1859375 0.65078125 0.034375 0.1375