0 0.33125 0.35 0.078125 0.2984375
0 0.240625 0.3390625 0.1140625 0.3453125
0 0.51796875 0.315625 0.0703125 0.2421875
0 0.390625 0.28203125 0.04375 0.16875
0 0.82421875 0.30078125 0.040625 0.1859375
0 0.6171875 0.3390625 0.075 0.265625
0 0.9109375 0.35546875 0.078125 0.365625
0 0.675 0.3015625 0.0609375 0.1921875
0 0.07421875 0.35078125 0.0703125 0.1859375
0 0.3609375 0.2609375 0.0359375 0.1453125
0 0.740625 0.29609375 0.1015625 0.2109375
0 0.6953125 0.24296875 0.0265625 0.046875
0 0.57265625 0.3203125 0.053125 0.29375