0 0.84375 0.5734375 0.0578125 0.2984375
0 0.95859375 0.57890625 0.059375 0.2296875
0 0.4921875 0.57578125 0.0203125 0.06875
0 0.51171875 0.5765625 0.01875 0.0703125
0 0.646875 0.56875 0.0078125 0.028125
0 0.77734375 0.57109375 0.00625 0.0265625
0 0.73125 0.5734375 0.00625 0.0265625
0 0.69296875 0.57109375 0.009375 0.0328125
0 0.75390625 0.578125 0.009375 0.0421875
0 0.603125 0.571875 0.003125 0.021875
0 0.73984375 0.5734375 0.009375 0.028125
0 0.91640625 0.58984375 0.0125 0.0421875
0 0.1140625 0.57890625 0.028125 0.134375