0 0.31875 0.52421875 0.378125 0.93125
0 0.6625 0.51953125 0.3734375 0.9375
0 0.94453125 0.56640625 0.1109375 0.6390625
0 0.09765625 0.415625 0.0421875 0.15625
0 0.04921875 0.37890625 0.0203125 0.0734375
0 0.06953125 0.38671875 0.0171875 0.0546875
0 0.7703125 0.34375 0.0171875 0.0671875
0 0.82734375 0.36640625 0.0140625 0.0796875
0 0.15859375 0.38046875 0.0140625 0.0734375
0 0.14375 0.36796875 0.0203125 0.0609375
0 0.03203125 0.39296875 0.021875 0.05
0 0.0140625 0.38515625 0.0203125 0.09375
0 0.21015625 0.35078125 0.0125 0.0140625