0 0.18046875 0.4921875 0.2734375 0.6640625
0 0.44375 0.5625 0.05625 0.153125
0 0.30859375 0.603125 0.046875 0.21875
0 0.2703125 0.58515625 0.0328125 0.2390625
0 0.23828125 0.5859375 0.059375 0.2609375
0 0.534375 0.52734375 0.065625 0.2421875
0 0.63046875 0.59765625 0.04375 0.2234375
0 0.75234375 0.5640625 0.0546875 0.278125
0 0.3421875 0.59140625 0.0296875 0.2234375
0 0.19140625 0.60625 0.0359375 0.2109375
0 0.4921875 0.5578125 0.034375 0.175
0 0.4078125 0.5671875 0.0375 0.221875
0 0.6609375 0.6171875 0.06875 0.171875
0 0.975 0.59921875 0.046875 0.19296875
0 0.940625 0.59765625 0.03984375 0.19453125
0 0.8578125 0.58203125 0.034375 0.1890625
0 0.89453125 0.56484375 0.05 0.12109375
0 0.821875 0.54921875 0.046875 0.14609375
0 0.7734375 0.6078125 0.0328125 0.17578125
0 0.86015625 0.4734375 0.05 0.07265625
0 0.5890625 0.57421875 0.05234375 0.234375
0 0.0265625 0.59765625 0.05234375 0.215625
0 0.36640625 0.5875 0.03984375 0.24609375