0 0.00078125 0.0015625 0.0015625 0.0015625
0 0.89296875 0.44609375 0.1578125 0.4203125
0 0.19375 0.23515625 0.11875 0.2609375
0 0.51875 0.16640625 0.0921875 0.14375
0 0.334375 0.21875 0.090625 0.2265625
0 0.83125 0.20078125 0.1015625 0.2140625
0 0.9703125 0.1984375 0.059375 0.2390625
0 0.28125 0.22109375 0.06875 0.209375
0 0.22421875 0.121875 0.0375 0.078125
0 0.76015625 0.1984375 0.078125 0.215625
0 0.059375 0.21640625 0.1125 0.2453125
0 0.40625 0.21015625 0.1359375 0.2296875
0 0.67578125 0.18203125 0.1078125 0.259375