0 0.82734375 0.54765625 0.3421875 0.4125
0 0.75703125 0.83984375 0.059375 0.3
0 0.14609375 0.7125 0.2890625 0.553125
0 0.6921875 0.31328125 0.065625 0.1015625
0 0.24453125 0.47578125 0.16875 0.3359375
0 0.5140625 0.3296875 0.078125 0.121875
0 0.4046875 0.39375 0.1375 0.2171875
0 0.18984375 0.5671875 0.196875 0.353125
0 0.47109375 0.35234375 0.0421875 0.146875
0 0.7671875 0.36953125 0.096875 0.140625
0 0.759375 0.3515625 0.0578125 0.128125
0 0.5859375 0.3109375 0.0703125 0.121875
0 0.3515625 0.41953125 0.16875 0.2328125