0 0.66953125 0.80390625 0.0265625 0.0921875
0 0.6859375 0.8078125 0.0171875 0.1078125
0 0.84609375 0.87578125 0.05 0.1671875
0 0.87265625 0.64296875 0.0234375 0.096875
0 0.73046875 0.78984375 0.0390625 0.153125
0 0.9265625 0.6703125 0.021875 0.0796875
0 0.6078125 0.72421875 0.0265625 0.10625
0 0.55625 0.83828125 0.034375 0.153125
0 0.74765625 0.37578125 0.0234375 0.05
0 0.7078125 0.93046875 0.0625 0.1390625
0 0.89765625 0.690625 0.05 0.1546875
0 0.64921875 0.77578125 0.025 0.125
0 0.57265625 0.71796875 0.015625 0.0875