0 0.38046875 0.40234375 0.103125 0.228125
0 0.55703125 0.4703125 0.1796875 0.3703125
0 0.72734375 0.5375 0.2546875 0.5359375
0 0.915625 0.60703125 0.16875 0.6015625
0 0.3140625 0.3875 0.059375 0.125
0 0.2140625 0.68515625 0.428125 0.6109375
0 0.1109375 0.38828125 0.2109375 0.3265625
0 0.83203125 0.37890625 0.1203125 0.159375
0 0.59765625 0.296875 0.04375 0.1640625
0 0.453125 0.45859375 0.11875 0.246875
0 0.8140625 0.27578125 0.09375 0.1875
0 0.0890625 0.57734375 0.178125 0.0125
0 0.43515625 0.33359375 0.0265625 0.0453125