0 0.4171875 0.5171875 0.3953125 0.76875
0 0.17890625 0.14296875 0.121875 0.178125
0 0.415625 0.14765625 0.1203125 0.221875
0 0.84921875 0.28515625 0.178125 0.3640625
0 0.975 0.428125 0.05 0.2
0 0.815625 0.71171875 0.3140625 0.4765625
0 0.7078125 0.34921875 0.1125 0.215625
0 0.58828125 0.1140625 0.1125 0.1375
0 0.31875 0.22734375 0.1625 0.3484375
0 0.9609375 0.046875 0.0734375 0.09375
0 0.88125 0.040625 0.0734375 0.08125
0 0.6046875 0.32265625 0.09375 0.23125
0 0.21328125 0.27734375 0.09375 0.21875