0 0.39921875 0.5265625 0.2453125 0.6859375
0 0.92890625 0.3765625 0.0921875 0.353125
0 0.94765625 0.109375 0.0828125 0.1453125
0 0.8890625 0.140625 0.0515625 0.078125
0 0.83515625 0.1359375 0.0515625 0.0859375
0 0.76796875 0.13984375 0.065625 0.08125
0 0.70625 0.15390625 0.0453125 0.0046875
0 0.66328125 0.15234375 0.0328125 0.0515625
0 0.62890625 0.1359375 0.040625 0.0765625
0 0.52109375 0.084375 0.0578125 0.1125
0 0.24140625 0.09375 0.040625 0.08125
0 0.290625 0.10390625 0.05625 0.1109375
0 0.6078125 0.1015625 0.0046875 0.1171875