0 0.65859375 0.40390625 0.1265625 0.190625
0 0.4046875 0.453125 0.096875 0.1671875
0 0.8671875 0.45859375 0.1 0.178125
0 0.78203125 0.4609375 0.1296875 0.1734375
0 0.49609375 0.465625 0.1015625 0.15
0 0.590625 0.4703125 0.078125 0.140625
0 0.5640625 0.4515625 0.065625 0.178125
0 0.35859375 0.45625 0.06875 0.1546875
0 0.2765625 0.37578125 0.0390625 0.040625
0 0.2140625 0.41640625 0.0390625 0.0984375
0 0.46328125 0.428125 0.0359375 0.0984375
0 0.71640625 0.4515625 0.025 0.0734375
0 0.696875 0.41796875 0.025 0.0984375