0 0.08828125 0.8046875 0.0125 0.0625
0 0.01015625 0.8234375 0.0203125 0.1328125
0 0.0546875 0.82734375 0.034375 0.11875
0 0.625 0.80703125 0.0171875 0.0984375
0 0.60078125 0.7953125 0.0171875 0.075
0 0.58984375 0.790625 0.0140625 0.0796875
0 0.04375 0.7859375 0.0203125 0.0296875
0 0.6421875 0.76875 0.015625 0.0328125
0 0.67734375 0.80703125 0.01875 0.09375
0 0.64140625 0.81640625 0.015625 0.071875
0 0.33359375 0.80234375 0.021875 0.0796875
0 0.11015625 0.796875 0.0140625 0.0671875
0 0.71875 0.790625 0.01875 0.08125