0 0.67578125 0.67890625 0.071875 0.275
0 0.55078125 0.72109375 0.096875 0.1734375
0 0.4453125 0.76484375 0.140625 0.2625
0 0.296875 0.87578125 0.1046875 0.2484375
0 0.971875 0.60703125 0.05625 0.15
0 0.2359375 0.69609375 0.121875 0.1703125
0 0.91796875 0.68671875 0.04375 0.1265625
0 0.80078125 0.69921875 0.0515625 0.23125
0 0.396875 0.790625 0.0859375 0.14375
0 0.28203125 0.546875 0.01875 0.0296875
0 0.978125 0.721875 0.04375 0.1
0 0.8453125 0.65859375 0.0703125 0.1859375
0 0.21015625 0.62578125 0.040625 0.0484375