0 0.221875 0.72578125 0.125 0.3359375
0 0.07265625 0.615625 0.0921875 0.3984375
0 0.61328125 0.59609375 0.009375 0.0203125
0 0.7078125 0.603125 0.0109375 0.0296875
0 0.7328125 0.62109375 0.015625 0.04375
0 0.0203125 0.59609375 0.021875 0.06875
0 0.5640625 0.60546875 0.021875 0.06875
0 0.2234375 0.57109375 0.0234375 0.0515625
0 0.203125 0.578125 0.0234375 0.06875
0 0.5390625 0.634375 0.0046875 0.0515625
0 0.60546875 0.603125 0.0234375 0.0796875
0 0.6390625 0.6171875 0.0125 0.04375
0 0.83359375 0.63671875 0.01875 0.0703125