0 0.56953125 0.465625 0.015625 0.05625
0 0.5328125 0.40078125 0.015625 0.0921875
0 0.47265625 0.59765625 0.03125 0.125
0 0.034375 0.34765625 0.0125 0.05625
0 0.08984375 0.3546875 0.009375 0.0546875
0 0.31796875 0.3125 0.00625 0.0359375
0 0.44375 0.346875 0.0109375 0.046875
0 0.47578125 0.31640625 0.0078125 0.0171875
0 0.4109375 0.3125 0.0046875 0.021875
0 0.334375 0.31015625 0.009375 0.0375
0 0.384375 0.30859375 0.0078125 0.03125
0 0.77109375 0.3546875 0.0109375 0.0515625
0 0.43046875 0.3453125 0.0109375 0.046875