0 0.13984375 0.74921875 0.103125 0.259375
0 0.29140625 0.79296875 0.0546875 0.10625
0 0.0359375 0.71875 0.0703125 0.234375
0 0.60390625 0.675 0.0359375 0.14375
0 0.72890625 0.71484375 0.06875 0.2609375
0 0.76953125 0.61953125 0.0265625 0.178125
0 0.803125 0.5640625 0.0421875 0.1109375
0 0.5828125 0.61640625 0.0359375 0.06875
0 0.04609375 0.7109375 0.034375 0.1953125
0 0.67578125 0.6578125 0.0375 0.0859375
0 0.809375 0.48984375 0.034375 0.1015625
0 0.04140625 0.56953125 0.0375 0.146875
0 0.47421875 0.71484375 0.065625 0.2484375