0 0.4046875 0.59140625 0.309375 0.6234375
0 0.796875 0.2234375 0.071875 0.3671875
0 0.18828125 0.7671875 0.3734375 0.2171875
0 0.90078125 0.584375 0.1984375 0.7984375
0 0.4953125 0.2046875 0.0640625 0.3015625
0 0.36015625 0.084375 0.0375 0.0515625
0 0.26015625 0.0796875 0.0234375 0.0609375
0 0.16875 0.09609375 0.0453125 0.0609375
0 0.32734375 0.1609375 0.0765625 0.175
0 0.40625 0.09375 0.065625 0.0765625
0 0.56953125 0.096875 0.0390625 0.0765625
0 0.89921875 0.13515625 0.0421875 0.084375
0 0.1921875 0.26875 0.0296875 0.0515625