0 0.575 0.75234375 0.021875 0.0265625
0 0.371875 0.75 0.0265625 0.046875
0 0.3390625 0.76796875 0.05 0.0359375
0 0.7640625 0.7640625 0.0421875 0.03125
0 0.38515625 0.76875 0.03125 0.0328125
0 0.29921875 0.7671875 0.0359375 0.0359375
0 0.53671875 0.73515625 0.028125 0.01875
0 0.31328125 0.75 0.028125 0.0390625
0 0.33828125 0.73515625 0.0359375 0.015625
0 0.66796875 0.73125 0.040625 0.0625
0 0.01875 0.76953125 0.0328125 0.040625
0 0.05546875 0.77578125 0.0421875 0.028125
0 0.1046875 0.7703125 0.040625 0.0390625