0 0.928125 0.509375 0.03125 0.0765625
0 0.09140625 0.67109375 0.0625 0.1703125
0 0.07734375 0.5875 0.0234375 0.0390625
0 0.0421875 0.66171875 0.0046875 0.1734375
0 0.12265625 0.6375 0.0359375 0.13125
0 0.01171875 0.609375 0.0234375 0.1359375
0 0.0078125 0.59140625 0.009375 0.0265625
0 0.10234375 0.453125 0.009375 0.05
0 0.12890625 0.45703125 0.015625 0.04375
0 0.0703125 0.86015625 0.1359375 0.25625
0 0.01796875 0.66640625 0.01875 0.1296875
0 0.02421875 0.60078125 0.01875 0.025
0 0.8015625 0.75546875 0.09375 0.3671875