0 0.8203125 0.44375 0.065625 0.259375
0 0.53671875 0.63671875 0.1171875 0.309375
0 0.5890625 0.22109375 0.0421875 0.1828125
0 0.67421875 0.2109375 0.059375 0.20625
0 0.9796875 0.221875 0.0296875 0.1359375
0 0.840625 0.16171875 0.0390625 0.0578125
0 0.47421875 0.18125 0.0421875 0.0578125
0 0.36328125 0.1921875 0.0328125 0.090625
0 0.90390625 0.246875 0.0234375 0.034375
0 0.33125 0.171875 0.046875 0.11875
0 0.525 0.10859375 0.0609375 0.128125
0 0.39140625 0.3359375 0.075 0.2125
0 0.5984375 0.15703125 0.03125 0.1609375