0 0.17421875 0.69609375 0.0265625 0.0796875
0 0.96015625 0.7109375 0.0796875 0.221875
0 0.87109375 0.61328125 0.034375 0.1625
0 0.95390625 0.61796875 0.0171875 0.0375
0 0.19140625 0.69140625 0.0140625 0.0828125
0 0.8171875 0.70390625 0.034375 0.15
0 0.71328125 0.625 0.0203125 0.0265625
0 0.73515625 0.615625 0.025 0.03125
0 0.69375 0.62265625 0.0234375 0.0375
0 0.75859375 0.66484375 0.0171875 0.1203125
0 0.22734375 0.68125 0.015625 0.0796875
0 0.7796875 0.70234375 0.034375 0.1640625
0 0.9875 0.6953125 0.025 0.2078125