0 0.728125 0.63828125 0.0625 0.0578125
0 0.65234375 0.6296875 0.1125 0.06875
0 0.634375 0.61015625 0.01875 0.034375
0 0.90390625 0.65546875 0.05625 0.0625
0 0.83984375 0.6328125 0.071875 0.08125
0 0.690625 0.60859375 0.028125 0.0375
0 0.66953125 0.59609375 0.0109375 0.0109375
0 0.5984375 0.61875 0.0296875 0.0546875
0 0.08984375 0.68359375 0.0953125 0.190625
0 0.77265625 0.6171875 0.0203125 0.040625
0 0.92734375 0.64609375 0.046875 0.05625
0 0.7984375 0.65546875 0.0328125 0.03125
0 0.771875 0.65234375 0.0296875 0.034375