0 0.5171875 0.52109375 0.45625 0.3046875
0 0.23984375 0.45625 0.121875 0.075
0 0.14609375 0.57734375 0.1703125 0.128125
0 0.08203125 0.6109375 0.1609375 0.1171875
0 0.81640625 0.17578125 0.2734375 0.2078125
0 0.06328125 0.65234375 0.1265625 0.1234375
0 0.16171875 0.509375 0.0796875 0.0703125
0 0.653125 0.234375 0.2078125 0.1625
0 0.565625 0.2953125 0.165625 0.1140625
0 0.9015625 0.146875 0.196875 0.19375
0 0.9453125 0.0671875 0.1078125 0.1328125
0 0.246875 0.4390625 0.084375 0.0546875
0 0.5265625 0.3171875 0.1984375 0.125