0 0.37734375 0.58203125 0.3140625 0.6625
0 0.771875 0.26171875 0.1328125 0.1265625
0 0.63828125 0.2671875 0.1125 0.1359375
0 0.8453125 0.16875 0.146875 0.1546875
0 0.0546875 0.2890625 0.0953125 0.078125
0 0.046875 0.2 0.09375 0.115625
0 0.78515625 0.3 0.1125 0.0734375
0 0.8890625 0.2640625 0.125 0.15625
0 0.01484375 0.18671875 0.0296875 0.0578125
0 0.675 0.30625 0.109375 0.0625
0 0.14921875 0.2609375 0.128125 0.134375
0 0.96015625 0.2328125 0.0796875 0.19375
0 0.64140625 0.21171875 0.128125 0.1296875