0 0.321875 0.653125 0.009375 0.0140625
0 0.45625 0.66484375 0.0078125 0.0109375
0 0.52578125 0.671875 0.0046875 0.0109375
0 0.565625 0.67578125 0.00625 0.0109375
0 0.6390625 0.68359375 0.0046875 0.0109375
0 0.66015625 0.6859375 0.0046875 0.0109375
0 0.4234375 0.66171875 0.0078125 0.0109375
0 0.390625 0.659375 0.0078125 0.0109375
0 0.0671875 0.66875 0.00625 0.00625
0 0.684375 0.68984375 0.0046875 0.009375
0 0.63203125 0.68359375 0.0078125 0.009375
0 0.6765625 0.68515625 0.0046875 0.0109375
0 0.5421875 0.671875 0.00625 0.0109375