0 0.34609375 0.5375 0.2328125 0.3234375
0 0.321875 0.28203125 0.0171875 0.04375
0 0.50625 0.28828125 0.0390625 0.053125
0 0.44140625 0.27734375 0.025 0.0046875
0 0.06484375 0.28125 0.0171875 0.04375
0 0.55234375 0.2875 0.0265625 0.040625
0 0.590625 0.28359375 0.025 0.053125
0 0.20078125 0.27734375 0.0125 0.0453125
0 0.71328125 0.29375 0.0140625 0.0328125
0 0.209375 0.284375 0.0265625 0.040625
0 0.38828125 0.2765625 0.0140625 0.040625
0 0.29375 0.2609375 0.0109375 0.0109375
0 0.32890625 0.27890625 0.0109375 0.046875