0 0.24296875 0.41484375 0.315625 0.5
0 0.34765625 0.215625 0.0046875 0.1390625
0 0.321875 0.17578125 0.0453125 0.1
0 0.6890625 0.27890625 0.2359375 0.325
0 0.87734375 0.26484375 0.0703125 0.2109375
0 0.17109375 0.54453125 0.3390625 0.8875
0 0.26328125 0.24140625 0.1625 0.2546875
0 0.19609375 0.165625 0.046875 0.1
0 0.765625 0.66328125 0.46875 0.6375
0 0.9171875 0.33828125 0.165625 0.3
0 0.3984375 0.30546875 0.18125 0.3
0 0.09765625 0.15234375 0.0671875 0.0765625
0 0.8015625 0.19609375 0.0765625 0.1421875