0 0.7796875 0.6375 0.0671875 0.2640625
0 0.97734375 0.590625 0.0453125 0.2140625
0 0.21171875 0.46015625 0.015625 0.096875
0 0.49609375 0.42734375 0.0109375 0.0515625
0 0.0859375 0.76484375 0.1125 0.34375
0 0.690625 0.42109375 0.01875 0.0375
0 0.14453125 0.44453125 0.0171875 0.0734375
0 0.16484375 0.440625 0.021875 0.078125
0 0.23359375 0.44140625 0.0125 0.065625
0 0.3046875 0.44140625 0.0171875 0.0828125
0 0.41015625 0.425 0.0140625 0.0609375
0 0.3953125 0.43203125 0.0109375 0.046875
0 0.075 0.52265625 0.059375 0.1171875