0 0.1890625 0.95546875 0.0421875 0.0859375
0 0.953125 0.94921875 0.0453125 0.1
0 0.3953125 0.98359375 0.0375 0.0328125
0 0.44921875 0.95703125 0.0296875 0.0859375
0 0.4984375 0.9453125 0.0390625 0.109375
0 0.6671875 0.915625 0.015625 0.065625
0 0.81640625 0.934375 0.015625 0.0796875
0 0.36953125 0.87109375 0.0140625 0.0390625
0 0.45390625 0.85625 0.0078125 0.0328125
0 0.70859375 0.940625 0.034375 0.0859375
0 0.5671875 0.921875 0.01875 0.0375
0 0.63359375 0.934375 0.01875 0.065625
0 0.775 0.9765625 0.0546875 0.046875