0 0.58046875 0.34296875 0.0171875 0.090625
0 0.8203125 0.365625 0.040625 0.159375
0 0.89453125 0.375 0.0359375 0.15625
0 0.92265625 0.38046875 0.0328125 0.1453125
0 0.86953125 0.37734375 0.0234375 0.109375
0 0.046875 0.303125 0.021875 0.0671875
0 0.0296875 0.30078125 0.015625 0.0703125
0 0.11875 0.3078125 0.01875 0.0796875
0 0.78671875 0.3703125 0.028125 0.0984375
0 0.73046875 0.36328125 0.0390625 0.09375
0 0.36015625 0.32578125 0.0171875 0.0890625
0 0.46015625 0.3609375 0.10625 0.3421875
0 0.08046875 0.30234375 0.0203125 0.071875