0 0.46015625 0.434375 0.00625 0.0234375
0 0.40390625 0.55625 0.00625 0.025
0 0.45625 0.54453125 0.009375 0.025
0 0.4046875 0.534375 0.0078125 0.0234375
0 0.4125 0.44296875 0.003125 0.0125
0 0.9234375 0.81796875 0.00625 0.0265625
0 0.928125 0.828125 0.0078125 0.0296875
0 0.5453125 0.58125 0.0046875 0.0109375
0 0.55078125 0.57890625 0.0078125 0.0140625
0 0.36328125 0.60390625 0.0046875 0.0171875
0 0.5109375 0.45 0.009375 0.0203125
0 0.9046875 0.75546875 0.0109375 0.025
0 0.50078125 0.42109375 0.00625 0.0171875