0 0.0328125 0.4375 0.065625 0.2921875
0 0.1953125 0.26171875 0.0390625 0.0578125
0 0.28828125 0.3125 0.028125 0.0265625
0 0.35390625 0.58984375 0.1890625 0.425
0 0.47578125 0.20859375 0.028125 0.0609375
0 0.0796875 0.31015625 0.0390625 0.0609375
0 0.14765625 0.275 0.0359375 0.0375
0 0.5171875 0.25703125 0.025 0.03125
0 0.428125 0.26171875 0.0359375 0.0390625
0 0.30234375 0.31484375 0.025 0.05625
0 0.51953125 0.20546875 0.025 0.0453125
0 0.13515625 0.33203125 0.0546875 0.0703125
0 0.15 0.31640625 0.009375 0.0203125