0 0.19375 0.8609375 0.065625 0.2671875
0 0.64453125 0.77734375 0.0296875 0.1171875
0 0.61640625 0.7609375 0.0171875 0.0578125
0 0.08125 0.83984375 0.0609375 0.278125
0 0.503125 0.753125 0.015625 0.0671875
0 0.55703125 0.746875 0.0125 0.0515625
0 0.71015625 0.73984375 0.0109375 0.0390625
0 0.69140625 0.7375 0.0203125 0.0390625
0 0.58125 0.753125 0.021875 0.0671875
0 0.734375 0.728125 0.0046875 0.028125
0 0.72109375 0.7375 0.009375 0.046875
0 0.60625 0.753125 0.0125 0.0609375
0 0.73828125 0.7203125 0.00625 0.0109375