0 0.27734375 0.06015625 0.025 0.0453125
0 0.628125 0.38046875 0.040625 0.0609375
0 0.440625 0.06796875 0.028125 0.0609375
0 0.49609375 0.11171875 0.040625 0.0546875
0 0.0734375 0.10234375 0.034375 0.0640625
0 0.3921875 0.61015625 0.0609375 0.125
0 0.34453125 0.57265625 0.0453125 0.1921875
0 0.528125 0.584375 0.078125 0.175
0 0.446875 0.38515625 0.0390625 0.075
0 0.425 0.35703125 0.0234375 0.0578125
0 0.1953125 0.375 0.0421875 0.0703125
0 0.0859375 0.36875 0.0046875 0.0734375
0 0.3953125 0.35546875 0.0359375 0.0578125