0 0.128125 0.79296875 0.25625 0.4140625
0 0.85234375 0.8796875 0.0453125 0.1203125
0 0.78828125 0.86875 0.053125 0.134375
0 0.53203125 0.87421875 0.05 0.0375
0 0.26171875 0.8328125 0.0375 0.034375
0 0.2 0.85234375 0.0265625 0.0703125
0 0.01484375 0.83203125 0.0296875 0.0625
0 0.95234375 0.87890625 0.0109375 0.040625
0 0.91484375 0.85 0.0109375 0.021875
0 0.49453125 0.871875 0.0265625 0.0265625
0 0.4359375 0.8609375 0.0265625 0.028125
0 0.45625 0.86328125 0.0140625 0.03125
0 0.29765625 0.83671875 0.0078125 0.028125