0 0.6625 0.6125 0.0375 0.1609375
0 0.75 0.63125 0.0328125 0.1140625
0 0.46015625 0.5421875 0.0109375 0.0734375
0 0.79140625 0.6015625 0.0296875 0.15
0 0.90078125 0.51328125 0.0140625 0.0453125
0 0.55859375 0.53515625 0.0203125 0.06875
0 0.52734375 0.52890625 0.015625 0.065625
0 0.3796875 0.5109375 0.0140625 0.0375
0 0.77578125 0.61953125 0.025 0.1328125
0 0.865625 0.51328125 0.04375 0.0546875
0 0.7546875 0.5140625 0.0140625 0.0296875
0 0.50078125 0.53515625 0.0171875 0.0625
0 0.54375 0.5296875 0.009375 0.0015625