0 0.2359375 0.62578125 0.1140625 0.1875
0 0.91953125 0.51484375 0.059375 0.0953125
0 0.38125 0.378125 0.065625 0.1171875
0 0.28671875 0.36953125 0.040625 0.1421875
0 0.31015625 0.39140625 0.0375 0.0984375
0 0.24609375 0.36796875 0.0421875 0.1515625
0 0.20546875 0.3671875 0.04375 0.15
0 0.425 0.38671875 0.040625 0.1140625
0 0.63671875 0.36796875 0.0546875 0.1640625
0 0.79765625 0.5 0.0546875 0.159375
0 0.959375 0.84375 0.08125 0.1875
0 0.1640625 0.3703125 0.0390625 0.140625
0 0.0265625 0.3671875 0.0359375 0.159375