0 0.22265625 0.63359375 0.3234375 0.70625
0 0.6828125 0.44296875 0.159375 0.3515625
0 0.76796875 0.46015625 0.0765625 0.3203125
0 0.84921875 0.40390625 0.0875 0.1546875
0 0.9125 0.61015625 0.175 0.7796875
0 0.11796875 0.45703125 0.1515625 0.3984375
0 0.0359375 0.41796875 0.071875 0.2421875
0 0.9203125 0.57421875 0.159375 0.2015625
0 0.9234375 0.553125 0.1265625 0.2640625
0 0.42578125 0.54296875 0.234375 0.69375
0 0.0390625 0.60546875 0.078125 0.5046875
0 0.62265625 0.50234375 0.2640625 0.5328125