0 0.953125 0.621875 0.053125 0.26875
0 0.76640625 0.590625 0.0421875 0.19375
0 0.88046875 0.57265625 0.0390625 0.1609375
0 0.909375 0.625 0.040625 0.2359375
0 0.67421875 0.5984375 0.0375 0.2265625
0 0.73515625 0.590625 0.04375 0.2203125
0 0.64140625 0.5796875 0.03125 0.2109375
0 0.70625 0.57578125 0.040625 0.2296875
0 0.83671875 0.52890625 0.025 0.075
0 0.86015625 0.5875 0.0328125 0.184375
0 0.0125 0.64609375 0.025 0.2828125
0 0.00703125 0.50078125 0.0140625 0.0890625
0 0.62109375 0.54296875 0.034375 0.1609375