0 0.54921875 0.6703125 0.090625 0.4296875
0 0.70234375 0.6921875 0.08125 0.3828125
0 0.46015625 0.63515625 0.078125 0.234375
0 0.3765625 0.59140625 0.0375 0.1265625
0 0.31875 0.57265625 0.0203125 0.1109375
0 0.29921875 0.56484375 0.0203125 0.13125
0 0.3421875 0.62109375 0.0375 0.1859375
0 0.33203125 0.534375 0.0125 0.0359375
0 0.2734375 0.55078125 0.034375 0.1359375
0 0.41015625 0.575 0.0203125 0.1546875
0 0.21328125 0.5390625 0.025 0.05625
0 0.365625 0.63984375 0.0828125 0.1734375
0 0.38828125 0.5515625 0.028125 0.1171875