0 0.33203125 0.6078125 0.2828125 0.7359375
0 0.546875 0.6734375 0.3453125 0.6328125
0 0.77890625 0.28125 0.09375 0.3703125
0 0.56953125 0.2953125 0.034375 0.159375
0 0.51015625 0.31875 0.0453125 0.178125
0 0.16953125 0.3421875 0.0421875 0.0984375
0 0.296875 0.33125 0.0328125 0.103125
0 0.86015625 0.30078125 0.04375 0.1734375
0 0.1234375 0.32578125 0.0328125 0.159375
0 0.95859375 0.2953125 0.046875 0.11875
0 0.371875 0.234375 0.021875 0.0375
0 0.51328125 0.24921875 0.0421875 0.0984375
0 0.65546875 0.31015625 0.0359375 0.1140625