0 0.07265625 0.57578125 0.1421875 0.825
0 0.64453125 0.490625 0.1125 0.3796875
0 0.89453125 0.43984375 0.1015625 0.26875
0 0.9671875 0.42265625 0.065625 0.2515625
0 0.79921875 0.428125 0.0671875 0.2859375
0 0.7046875 0.42890625 0.075 0.2671875
0 0.5453125 0.40703125 0.0828125 0.25625
0 0.43984375 0.38359375 0.028125 0.1359375
0 0.3234375 0.44765625 0.05625 0.1515625
0 0.49453125 0.371875 0.0390625 0.1359375
0 0.47578125 0.36796875 0.03125 0.1296875
0 0.41015625 0.35234375 0.0234375 0.0984375
0 0.23828125 0.36171875 0.0359375 0.1078125