0 0.0546875 0.36484375 0.0171875 0.0609375
0 0.06015625 0.3546875 0.0203125 0.059375
0 0.0375 0.42109375 0.01875 0.078125
0 0.5703125 0.3171875 0.0109375 0.0265625
0 0.0453125 0.359375 0.0140625 0.06875
0 0.015625 0.3546875 0.0125 0.0609375
0 0.5953125 0.30859375 0.0109375 0.0515625
0 0.096875 0.35546875 0.015625 0.0640625
0 0.79609375 0.278125 0.00625 0.03125
0 0.803125 0.27578125 0.0109375 0.0359375
0 0.0859375 0.3640625 0.0125 0.05625
0 0.1125 0.3578125 0.0109375 0.059375
0 0.61171875 0.30078125 0.0125 0.0375