0 0.559375 0.66328125 0.5828125 0.6734375
0 0.4125 0.23515625 0.1921875 0.1609375
0 0.83359375 0.2515625 0.1984375 0.1578125
0 0.73671875 0.23125 0.0953125 0.1671875
0 0.1765625 0.24375 0.2359375 0.15625
0 0.74140625 0.13671875 0.1828125 0.1890625
0 0.4921875 0.09140625 0.203125 0.1828125
0 0.31484375 0.08984375 0.1734375 0.125
0 0.6109375 0.22734375 0.20625 0.184375
0 0.5328125 0.1453125 0.1375 0.1890625
0 0.12890625 0.1828125 0.2453125 0.1921875
0 0.49921875 0.09140625 0.1265625 0.1359375
0 0.35703125 0.1765625 0.1921875 0.18125