0 0.5078125 0.5515625 0.534375 0.396875
0 0.75859375 0.53046875 0.08125 0.05
0 0.7015625 0.5296875 0.0421875 0.0265625
0 0.0796875 0.6734375 0.0375 0.06875
0 0.3453125 0.62578125 0.0203125 0.028125
0 0.290625 0.621875 0.0109375 0.0109375
0 0.1875 0.61875 0.0109375 0.021875
0 0.228125 0.6421875 0.01875 0.0390625
0 0.8640625 0.52578125 0.028125 0.028125
0 0.8453125 0.53828125 0.0296875 0.0296875
0 0.8875 0.54609375 0.0578125 0.0140625
0 0.89921875 0.5296875 0.0375 0.04375
0 0.06328125 0.62734375 0.015625 0.021875