0 0.23046875 0.7546875 0.0703125 0.2734375
0 0.49296875 0.68515625 0.034375 0.121875
0 0.47109375 0.68515625 0.03125 0.1265625
0 0.04296875 0.67890625 0.0359375 0.1609375
0 0.0140625 0.67734375 0.028125 0.15625
0 0.67421875 0.68203125 0.0265625 0.1265625
0 0.6921875 0.66796875 0.0203125 0.1265625
0 0.4453125 0.63125 0.0140625 0.0421875
0 0.5359375 0.68125 0.025 0.134375
0 0.578125 0.64375 0.01875 0.034375
0 0.7109375 0.67265625 0.0375 0.1296875
0 0.7421875 0.61953125 0.0203125 0.04375
0 0.13203125 0.7671875 0.1203125 0.315625