0 0.0984375 0.78828125 0.115625 0.4
0 0.584375 0.74765625 0.0671875 0.3171875
0 0.23359375 0.81171875 0.1046875 0.25625
0 0.128125 0.87265625 0.065625 0.2046875
0 0.8828125 0.67890625 0.0265625 0.15
0 0.8515625 0.68984375 0.0171875 0.0859375
0 0.82109375 0.68046875 0.0203125 0.08125
0 0.17421875 0.840625 0.0515625 0.2046875
0 0.74453125 0.675 0.028125 0.10625
0 0.12421875 0.68515625 0.0203125 0.08125
0 0.403125 0.68359375 0.0203125 0.0703125
0 0.77890625 0.68671875 0.01875 0.0875
0 0.915625 0.67890625 0.0171875 0.0796875
0 0.3 0.84375 0.0546875 0.1828125