0 0.14375 0.88203125 0.284375 0.2078125
0 0.09296875 0.51171875 0.1359375 0.1078125
0 0.1671875 0.43125 0.040625 0.0359375
0 0.11640625 0.38359375 0.0140625 0.0171875
0 0.26015625 0.40546875 0.0125 0.04375
0 0.15234375 0.38046875 0.025 0.025
0 0.49140625 0.38125 0.009375 0.0359375
0 0.52109375 0.40859375 0.0109375 0.0453125
0 0.684375 0.65078125 0.103125 0.0703125
0 0.4453125 0.41875 0.009375 0.0171875
0 0.2203125 0.440625 0.0671875 0.03125
0 0.403125 0.41640625 0.0109375 0.0515625
0 0.44375 0.37890625 0.0125 0.0328125
0 0.82890625 0.47421875 0.02734375 0.0625
0 0.54140625 0.4421875 0.01953125 0.05234375
0 0.553125 0.41328125 0.02421875 0.0453125