0 0.2375 0.80078125 0.01875 0.04375
0 0.72578125 0.83359375 0.05625 0.1
0 0.978125 0.85546875 0.04375 0.16875
0 0.5234375 0.88125 0.128125 0.1625
0 0.6296875 0.85546875 0.0609375 0.1265625
0 0.12734375 0.92109375 0.1265625 0.1578125
0 0.10078125 0.828125 0.0609375 0.0921875
0 0.8234375 0.82421875 0.0765625 0.0890625
0 0.76171875 0.8046875 0.034375 0.0734375
0 0.67421875 0.79765625 0.028125 0.028125
0 0.65859375 0.803125 0.0421875 0.0375
0 0.2 0.86640625 0.075 0.140625
0 0.540625 0.79609375 0.0296875 0.0390625