0 0.3578125 0.58046875 0.3671875 0.628125
0 0.19140625 0.21328125 0.0640625 0.13125
0 0.80625 0.284375 0.0859375 0.1171875
0 0.34375 0.20703125 0.05625 0.1359375
0 0.90625 0.58671875 0.0828125 0.1703125
0 0.51015625 0.5609375 0.125 0.1921875
0 0.53359375 0.14296875 0.08125 0.1515625
0 0.60078125 0.215625 0.0609375 0.221875
0 0.7375 0.221875 0.0875 0.1421875
0 0.72734375 0.28671875 0.0953125 0.109375
0 0.6609375 0.6171875 0.03125 0.0421875
0 0.30390625 0.10703125 0.0765625 0.1515625
0 0.69921875 0.178125 0.0734375 0.1265625