0 0.7171875 0.59453125 0.490625 0.7828125
0 0.31953125 0.96640625 0.0234375 0.0671875
0 0.13671875 0.959375 0.059375 0.08125
0 0.35390625 0.97578125 0.0125 0.0453125
0 0.2296875 0.959375 0.0515625 0.08125
0 0.3734375 0.95390625 0.0125 0.0265625
0 0.34140625 0.96796875 0.0109375 0.03125
0 0.47890625 0.96171875 0.0171875 0.0734375
0 0.05703125 0.93203125 0.009375 0.0328125
0 0.43828125 0.984375 0.034375 0.03125
0 0.26328125 0.95859375 0.0203125 0.0515625
0 0.96171875 0.96015625 0.0203125 0.0484375
0 0.06328125 0.95625 0.0296875 0.0875