0 0.3265625 0.6203125 0.1875 0.521875
0 0.434375 0.15234375 0.0859375 0.046875
0 0.8046875 0.14609375 0.090625 0.0578125
0 0.63125 0.14609375 0.0890625 0.0578125
0 0.765625 0.11640625 0.1171875 0.115625
0 0.9203125 0.14609375 0.0859375 0.05
0 0.3328125 0.14921875 0.0890625 0.05625
0 0.53828125 0.14921875 0.1046875 0.059375
0 0.68125 0.1234375 0.08125 0.0984375
0 0.47109375 0.078125 0.090625 0.1046875
0 0.5984375 0.1125 0.084375 0.096875
0 0.9125 0.06640625 0.0859375 0.0953125
0 0.85703125 0.10703125 0.0890625 0.0734375