0 0.49375 0.59609375 0.1546875 0.5078125
0 0.2953125 0.37890625 0.0578125 0.08125
0 0.1984375 0.45859375 0.0890625 0.0796875
0 0.14296875 0.23671875 0.0765625 0.1375
0 0.06875 0.08359375 0.0453125 0.1671875
0 0.71953125 0.43125 0.08125 0.1203125
0 0.88515625 0.47265625 0.08125 0.075
0 0.3203125 0.465625 0.059375 0.0640625
0 0.734375 0.471875 0.0828125 0.0734375
0 0.953125 0.23046875 0.0625 0.11875
0 0.353125 0.37578125 0.0609375 0.09375
0 0.01953125 0.371875 0.0390625 0.0984375
0 0.9859375 0.47265625 0.028125 0.08125