0 0.465625 0.64140625 0.021875 0.0421875
0 0.42578125 0.6359375 0.0265625 0.0375
0 0.41015625 0.6390625 0.0203125 0.028125
0 0.9703125 0.846875 0.0578125 0.146875
0 0.38671875 0.625 0.021875 0.040625
0 0.59140625 0.66953125 0.0234375 0.03125
0 0.509375 0.65234375 0.00625 0.009375
0 0.3765625 0.6296875 0.0171875 0.0265625
0 0.64140625 0.67890625 0.0078125 0.0234375
0 0.6078125 0.671875 0.0125 0.03125
0 0.5453125 0.66640625 0.0109375 0.0171875
0 0.6171875 0.671875 0.009375 0.03125
0 0.62578125 0.66015625 0.015625 0.0359375