0 0.30390625 0.22109375 0.0390625 0.0515625
0 0.77734375 0.709375 0.115625 0.503125
0 0.05625 0.7578125 0.1125 0.20625
0 0.253125 0.565625 0.0546875 0.175
0 0.0390625 0.671875 0.0734375 0.3203125
0 0.03125 0.26015625 0.0625 0.2359375
0 0.3640625 0.64296875 0.0734375 0.2765625
0 0.2078125 0.61796875 0.0375 0.16875
0 0.10703125 0.2109375 0.053125 0.075
0 0.21953125 0.21875 0.05 0.0515625
0 0.5640625 0.503125 0.040625 0.08125
0 0.31015625 0.61328125 0.0734375 0.3
0 0.5828125 0.5078125 0.0171875 0.0625