0 0.946875 0.86015625 0.0703125 0.0859375
0 0.85078125 0.9046875 0.1015625 0.09375
0 0.61953125 0.81953125 0.1140625 0.15
0 0.61171875 0.9171875 0.0890625 0.1140625
0 0.45703125 0.90859375 0.04375 0.05
0 0.29140625 0.92890625 0.4296875 0.11875
0 0.76796875 0.77265625 0.0890625 0.053125
0 0.725 0.940625 0.1609375 0.096875
0 0.12890625 0.88515625 0.0890625 0.134375
0 0.01640625 0.93984375 0.0328125 0.0875
0 0.51796875 0.92890625 0.1171875 0.1359375
0 0.33125 0.87109375 0.0703125 0.0671875
0 0.78203125 0.9140625 0.04375 0.0625