0 0.0546875 0.5921875 0.109375 0.7859375
0 0.89296875 0.6390625 0.1734375 0.3953125
0 0.571875 0.09765625 0.078125 0.1953125
0 0.51015625 0.09609375 0.05625 0.1921875
0 0.290625 0.1015625 0.0953125 0.1953125
0 0.8078125 0.09609375 0.0859375 0.1921875
0 0.665625 0.1 0.0796875 0.1921875
0 0.92734375 0.1 0.0859375 0.184375
0 0.734375 0.09609375 0.0953125 0.1921875
0 0.321875 0.0765625 0.040625 0.153125
0 0.865625 0.09609375 0.05625 0.184375
0 0.08125 0.0796875 0.0953125 0.15625
0 0.02265625 0.1421875 0.0453125 0.1421875
0 0.4828125 0.6046875 0.159375 0.790625