0 0.171875 0.58359375 0.334375 0.8125
0 0.0265625 0.46484375 0.053125 0.190625
0 0.31875 0.4734375 0.0796875 0.2703125
0 0.27265625 0.45 0.0671875 0.171875
0 0.74140625 0.20234375 0.059375 0.103125
0 0.509375 0.57734375 0.125 0.4203125
0 0.51640625 0.3171875 0.06875 0.196875
0 0.5734375 0.3640625 0.075 0.15
0 0.60859375 0.6015625 0.590625 0.796875
0 0.35546875 0.3578125 0.0359375 0.090625
0 0.6 0.7078125 0.1171875 0.2578125
0 0.43984375 0.4296875 0.0640625 0.178125
0 0.36015625 0.42734375 0.028125 0.0921875