0 0.66484375 0.51953125 0.2875 0.621875
0 0.41484375 0.55 0.290625 0.5796875
0 0.36796875 0.29453125 0.028125 0.025
0 0.83515625 0.34140625 0.0265625 0.034375
0 0.34609375 0.29375 0.0265625 0.03125
0 0.3875 0.28046875 0.0203125 0.025
0 0.871875 0.17109375 0.01875 0.015625
0 0.75390625 0.16796875 0.0078125 0.0125
0 0.23046875 0.27578125 0.015625 0.01875
0 0.1828125 0.278125 0.0203125 0.0109375
0 0.03984375 0.18515625 0.0078125 0.0125
0 0.70703125 0.28828125 0.015625 0.0171875
0 0.25546875 0.2796875 0.01875 0.009375