0 0.44140625 0.55625 0.4046875 0.6234375
0 0.865625 0.50078125 0.15625 0.534375
0 0.7234375 0.359375 0.0703125 0.13125
0 0.765625 0.3421875 0.0640625 0.159375
0 0.39609375 0.346875 0.0890625 0.1421875
0 0.2953125 0.359375 0.0703125 0.1078125
0 0.24609375 0.35703125 0.059375 0.109375
0 0.9234375 0.36796875 0.046875 0.109375
0 0.0421875 0.4921875 0.084375 0.4984375
0 0.7796875 0.67890625 0.3 0.353125
0 0.353125 0.39453125 0.034375 0.0421875
0 0.62890625 0.36640625 0.0734375 0.1
0 0.55546875 0.3890625 0.0453125 0.053125
0 0.96953125 0.37890625 0.0609375 0.16796875
0 0.6609375 0.28125 0.075 0.10546875