0 0.09765625 0.490625 0.1953125 0.5375
0 0.11328125 0.32890625 0.0703125 0.2875
0 0.040625 0.16484375 0.0203125 0.0515625
0 0.43203125 0.18828125 0.025 0.0984375
0 0.96640625 0.22890625 0.034375 0.1296875
0 0.92109375 0.17265625 0.0265625 0.11875
0 0.4046875 0.175 0.0171875 0.0875
0 0.06953125 0.31875 0.053125 0.2421875
0 0.4140625 0.1625 0.0109375 0.05625
0 0.02890625 0.31484375 0.0578125 0.2609375
0 0.09140625 0.19140625 0.025 0.0546875
0 0.5828125 0.215625 0.065625 0.06875
0 0.94453125 0.21484375 0.03125 0.1296875