0 0.34375 0.61875 0.071875 0.5796875
0 0.49140625 0.5109375 0.1125 0.4421875
0 0.64375 0.54296875 0.1125 0.33125
0 0.62109375 0.49765625 0.1546875 0.4015625
0 0.9546875 0.81796875 0.090625 0.3453125
0 0.89765625 0.18984375 0.0625 0.103125
0 0.7640625 0.18203125 0.0890625 0.1109375
0 0.7015625 0.19375 0.05 0.0890625
0 0.90859375 0.16328125 0.0515625 0.159375
0 0.9828125 0.109375 0.0328125 0.0921875
0 0.9609375 0.19140625 0.0640625 0.0890625
0 0.8578125 0.14921875 0.05 0.1125
0 0.8359375 0.19140625 0.0546875 0.09375