0 0.6671875 0.2265625 0.0796875 0.08125
0 0.50234375 0.1859375 0.078125 0.140625
0 0.80703125 0.1859375 0.071875 0.134375
0 0.7421875 0.2109375 0.09375 0.128125
0 0.925 0.2296875 0.084375 0.109375
0 0.26796875 0.17890625 0.1125 0.128125
0 0.5890625 0.2265625 0.05625 0.0703125
0 0.88671875 0.1859375 0.059375 0.1453125
0 0.3 0.515625 0.5046875 0.6296875
0 0.43203125 0.1640625 0.06875 0.0953125
0 0.58515625 0.165625 0.034375 0.0390625
0 0.840625 0.23984375 0.0859375 0.078125
0 0.346875 0.16640625 0.0984375 0.15625