0 0.81328125 0.65703125 0.3734375 0.571875
0 0.9140625 0.23984375 0.1703125 0.3125
0 0.80078125 0.08671875 0.1796875 0.1703125
0 0.65078125 0.084375 0.1265625 0.1140625
0 0.20546875 0.0828125 0.0671875 0.0890625
0 0.51875 0.7171875 0.25625 0.3453125
0 0.06171875 0.07265625 0.1234375 0.115625
0 0.725 0.59296875 0.121875 0.2765625
0 0.5015625 0.0671875 0.165625 0.134375
0 0.3140625 0.06796875 0.0921875 0.1296875
0 0.50703125 0.52890625 0.471875 0.90625
0 0.78359375 0.13203125 0.159375 0.2109375
0 0.275 0.03515625 0.1109375 0.06875