0 0.1109375 0.65078125 0.0828125 0.2796875
0 0.21953125 0.59375 0.021875 0.0765625
0 0.68203125 0.60234375 0.040625 0.0984375
0 0.35078125 0.60234375 0.021875 0.075
0 0.36640625 0.590625 0.0203125 0.0953125
0 0.44765625 0.5875 0.0171875 0.04375
0 0.6421875 0.58828125 0.0140625 0.0453125
0 0.5171875 0.59921875 0.0203125 0.1125
0 0.53125 0.59296875 0.01875 0.0765625
0 0.50625 0.615625 0.0359375 0.1171875
0 0.71796875 0.609375 0.0359375 0.125
0 0.7796875 0.59296875 0.0203125 0.08125
0 0.32890625 0.60625 0.0109375 0.04375