0 0.58359375 0.728125 0.1609375 0.5328125
0 0.671875 0.64453125 0.0359375 0.1765625
0 0.71015625 0.68359375 0.0609375 0.3046875
0 0.7421875 0.67890625 0.04375 0.2984375
0 0.8109375 0.65078125 0.0515625 0.2984375
0 0.890625 0.69140625 0.1 0.4125
0 0.1 0.634375 0.0328125 0.0984375
0 0.85390625 0.66953125 0.046875 0.3296875
0 0.02578125 0.81171875 0.0515625 0.1734375
0 0.690625 0.57578125 0.01875 0.0578125
0 0.534375 0.58671875 0.0375 0.0875
0 0.65546875 0.55625 0.021875 0.05625
0 0.7828125 0.67265625 0.0703125 0.3359375