0 0.49296875 0.6328125 0.1375 0.6484375
0 0.11484375 0.21484375 0.1 0.159375
0 0.384375 0.23359375 0.0765625 0.121875
0 0.32421875 0.23046875 0.0625 0.1265625
0 0.28828125 0.24140625 0.059375 0.1125
0 0.44296875 0.23359375 0.059375 0.1421875
0 0.08984375 0.23671875 0.0578125 0.125
0 0.51796875 0.22890625 0.0640625 0.1390625
0 0.87578125 0.40390625 0.0875 0.1125
0 0.57421875 0.56640625 0.0640625 0.3734375
0 0.17890625 0.1671875 0.05625 0.1390625
0 0.04921875 0.21171875 0.0703125 0.153125
0 0.45625 0.503125 0.1046875 0.16875