0 0.5921875 0.64375 0.2828125 0.3515625
0 0.29453125 0.4046875 0.0203125 0.0203125
0 0.39921875 0.45859375 0.0234375 0.0390625
0 0.05390625 0.49140625 0.0671875 0.040625
0 0.05 0.4625 0.0328125 0.03125
0 0.7421875 0.546875 0.1609375 0.1640625
0 0.10859375 0.47421875 0.0234375 0.046875
0 0.15390625 0.47734375 0.0234375 0.0515625
0 0.13046875 0.47734375 0.025 0.0453125
0 0.28046875 0.4734375 0.028125 0.0515625
0 0.23046875 0.4734375 0.01875 0.0546875
0 0.20859375 0.4765625 0.0234375 0.05
0 0.209375 0.47734375 0.028125 0.0046875