0 0.95 0.72265625 0.0171875 0.0453125
0 0.85390625 0.76171875 0.025 0.084375
0 0.3578125 0.74765625 0.0375 0.0921875
0 0.88515625 0.83125 0.034375 0.1390625
0 0.8359375 0.75703125 0.0125 0.078125
0 0.01328125 0.84140625 0.0265625 0.1546875
0 0.0125 0.73828125 0.0140625 0.0453125
0 0.2625 0.62890625 0.0140625 0.0328125
0 0.865625 0.70859375 0.0109375 0.0171875
0 0.9578125 0.73203125 0.0078125 0.0234375
0 0.8421875 0.70546875 0.009375 0.0171875
0 0.9265625 0.72890625 0.0328125 0.059375
0 0.74140625 0.834375 0.0203125 0.0234375