0 0.16796875 0.51640625 0.2203125 0.371875
0 0.27578125 0.4546875 0.1140625 0.275
0 0.06484375 0.4046875 0.09375 0.1953125
0 0.5375 0.43515625 0.075 0.19375
0 0.81328125 0.4453125 0.1453125 0.25
0 0.60625 0.42890625 0.1140625 0.1421875
0 0.76171875 0.39765625 0.1046875 0.125
0 0.45390625 0.37109375 0.0359375 0.053125
0 0.40390625 0.3046875 0.025 0.0171875
0 0.66875 0.390625 0.0390625 0.0703125
0 0.78125 0.37734375 0.0375 0.034375
0 0.42890625 0.375 0.04375 0.040625
0 0.64609375 0.3640625 0.0234375 0.028125