0 0.8328125 0.31015625 0.0359375 0.1421875
0 0.7046875 0.28984375 0.0328125 0.09375
0 0.71015625 0.26875 0.0359375 0.06875
0 0.71953125 0.24453125 0.0234375 0.0296875
0 0.7140625 0.22265625 0.0171875 0.03125
0 0.66015625 0.23671875 0.0109375 0.0328125
0 0.5015625 0.19921875 0.009375 0.0171875
0 0.8765625 0.253125 0.0109375 0.04375
0 0.725 0.259375 0.0140625 0.0765625
0 0.0359375 0.20390625 0.00625 0.0296875
0 0.865625 0.2625 0.0171875 0.0734375
0 0.69609375 0.23046875 0.0125 0.0328125
0 0.96640625 0.3875 0.065625 0.2515625