0 0.68359375 0.60390625 0.078125 0.2265625
0 0.6734375 0.41953125 0.0609375 0.0859375
0 0.53828125 0.39375 0.028125 0.1046875
0 0.028125 0.35 0.025 0.053125
0 0.31875 0.27734375 0.0375 0.0578125
0 0.17421875 0.209375 0.028125 0.046875
0 0.15078125 0.26953125 0.0265625 0.05625
0 0.89140625 0.3734375 0.0375 0.0578125
0 0.85703125 0.459375 0.025 0.04375
0 0.1703125 0.3359375 0.01875 0.046875
0 0.4796875 0.4109375 0.0296875 0.071875
0 0.515625 0.4125 0.0453125 0.0765625
0 0.56328125 0.41484375 0.0375 0.08125