0 0.26640625 0.90625 0.009375 0.0515625
0 0.8140625 0.8734375 0.0109375 0.0296875
0 0.7703125 0.87578125 0.00625 0.0328125
0 0.8640625 0.87578125 0.009375 0.034375
0 0.340625 0.89921875 0.00625 0.04375
0 0.3671875 0.90078125 0.009375 0.0421875
0 0.15390625 0.9171875 0.0140625 0.046875
0 0.7109375 0.86796875 0.0046875 0.025
0 0.990625 0.86640625 0.009375 0.034375
0 0.959375 0.8703125 0.00625 0.0234375
0 0.8828125 0.87109375 0.0109375 0.028125
0 0.8734375 0.86875 0.00625 0.0296875
0 0.75625 0.87578125 0.0078125 0.028125