0 0.6015625 0.51953125 0.46875 0.7390625
0 0.86953125 0.26171875 0.0578125 0.25
0 0.31640625 0.07265625 0.0234375 0.0921875
0 0.340625 0.15546875 0.040625 0.21875
0 0.709375 0.22890625 0.046875 0.2046875
0 0.39453125 0.06171875 0.0234375 0.0578125
0 0.4328125 0.11640625 0.0359375 0.1640625
0 0.8421875 0.22109375 0.059375 0.2765625
0 0.89765625 0.2375 0.0375 0.23125
0 0.96171875 0.18515625 0.0578125 0.18125
0 0.51953125 0.15703125 0.0453125 0.2171875
0 0.678125 0.11640625 0.0515625 0.175
0 0.29921875 0.109375 0.0046875 0.1765625