0 0.6171875 0.49921875 0.7328125 0.9671875
0 0.2453125 0.20859375 0.1328125 0.146875
0 0.39921875 0.1140625 0.0828125 0.13125
0 0.0390625 0.10703125 0.078125 0.1171875
0 0.9140625 0.44921875 0.153125 0.334375
0 0.965625 0.190625 0.0625 0.121875
0 0.0890625 0.18671875 0.1015625 0.1296875
0 0.3890625 0.190625 0.0828125 0.065625
0 0.3109375 0.296875 0.0875 0.125
0 0.053125 0.321875 0.1 0.109375
0 0.815625 0.309375 0.075 0.115625
0 0.8921875 0.20546875 0.1078125 0.1078125
0 0.91640625 0.17421875 0.09375 0.15