0 0.44140625 0.74296875 0.11875 0.221875
0 0.6625 0.5921875 0.1125 0.2234375
0 0.82109375 0.51015625 0.034375 0.0703125
0 0.7609375 0.5203125 0.0421875 0.0890625
0 0.2421875 0.50859375 0.0375 0.0890625
0 0.88984375 0.5140625 0.01875 0.0265625
0 0.10546875 0.54375 0.090625 0.153125
0 0.18984375 0.5171875 0.0296875 0.0671875
0 0.809375 0.51328125 0.0234375 0.04375
0 0.96171875 0.5015625 0.025 0.04375
0 0.459375 0.50078125 0.0203125 0.025
0 0.49921875 0.49140625 0.0203125 0.059375
0 0.73671875 0.496875 0.015625 0.0296875