0 0.7734375 0.153125 0.0796875 0.09375
0 0.75234375 0.14453125 0.0421875 0.0609375
0 0.68515625 0.18359375 0.084375 0.140625
0 0.65703125 0.13671875 0.0453125 0.04375
0 0.63046875 0.15625 0.059375 0.0703125
0 0.36171875 0.19921875 0.1296875 0.1125
0 0.26171875 0.18828125 0.084375 0.1640625
0 0.14921875 0.20234375 0.0703125 0.1625
0 0.16875 0.1625 0.0453125 0.1078125
0 0.06796875 0.16015625 0.0984375 0.0859375
0 0.4421875 0.14453125 0.021875 0.0359375
0 0.8625 0.22890625 0.1640625 0.303125
0 0.82421875 0.12109375 0.103125 0.090625