0 0.39921875 0.68984375 0.0453125 0.090625
0 0.73203125 0.7140625 0.01875 0.046875
0 0.88203125 0.78203125 0.0515625 0.11875
0 0.19296875 0.39453125 0.24375 0.61875
0 0.625 0.79609375 0.04375 0.1328125
0 0.58359375 0.775 0.05 0.1265625
0 0.5421875 0.7796875 0.053125 0.1265625
0 0.3828125 0.771875 0.0703125 0.1328125
0 0.428125 0.6828125 0.021875 0.0421875
0 0.3171875 0.659375 0.025 0.0328125
0 0.1609375 0.765625 0.071875 0.11875
0 0.43828125 0.7203125 0.021875 0.046875
0 0.07421875 0.7578125 0.06875 0.1328125