0 0.153125 0.53125 0.30625 0.5703125
0 0.08046875 0.45625 0.1609375 0.35625
0 0.6765625 0.415625 0.2234375 0.2546875
0 0.884375 0.42578125 0.1 0.19375
0 0.52109375 0.21875 0.303125 0.425
0 0.196875 0.434375 0.1578125 0.3671875
0 0.82109375 0.19453125 0.165625 0.3796875
0 0.9765625 0.403125 0.046875 0.2046875
0 0.9578125 0.68515625 0.084375 0.2890625
0 0.94453125 0.89140625 0.10625 0.1875
0 0.68828125 0.20390625 0.16875 0.3890625
0 0.78984375 0.37734375 0.0703125 0.1640625
0 0.31953125 0.46640625 0.190625 0.3484375