0 0.553125 0.79453125 0.090625 0.3
0 0.7 0.4125 0.14375 0.4375
0 0.2625 0.30390625 0.1015625 0.25
0 0.1859375 0.81015625 0.11875 0.26875
0 0.428125 0.365625 0.078125 0.1828125
0 0.03359375 0.553125 0.0671875 0.290625
0 0.78984375 0.27734375 0.0828125 0.23125
0 0.19765625 0.546875 0.0953125 0.315625
0 0.37890625 0.26796875 0.0875 0.2234375
0 0.3953125 0.78828125 0.11875 0.315625
0 0.4984375 0.5359375 0.0859375 0.315625
0 0.47734375 0.35703125 0.0671875 0.2234375
0 0.42109375 0.53046875 0.1 0.271875