0 0.60078125 0.7390625 0.0265625 0.121875
0 0.55859375 0.6671875 0.025 0.1078125
0 0.76640625 0.8703125 0.0609375 0.15625
0 0.7703125 0.72734375 0.021875 0.1140625
0 0.78828125 0.85859375 0.0265625 0.1453125
0 0.625 0.78359375 0.0359375 0.1546875
0 0.67265625 0.8609375 0.040625 0.146875
0 0.6046875 0.67890625 0.03125 0.0984375
0 0.2703125 0.96875 0.0390625 0.0625
0 0.54140625 0.67578125 0.0125 0.05625
0 0.540625 0.6453125 0.0109375 0.025
0 0.525 0.66015625 0.0234375 0.1140625
0 0.54921875 0.82421875 0.028125 0.1375