0 0.38046875 0.553125 0.046875 0.0921875
0 0.93984375 0.56484375 0.0125 0.0546875
0 0.91015625 0.59375 0.01875 0.05
0 0.8734375 0.55703125 0.009375 0.01875
0 0.8 0.57109375 0.0234375 0.0453125
0 0.63046875 0.35546875 0.028125 0.0515625
0 0.990625 0.57265625 0.0171875 0.0625
0 0.90703125 0.54765625 0.0109375 0.0265625
0 0.89140625 0.55 0.009375 0.0234375
0 0.16015625 0.565625 0.0125 0.0390625
0 0.5515625 0.58671875 0.0125 0.0171875
0 0.94765625 0.57421875 0.0078125 0.0578125
0 0.240625 0.64296875 0.0625 0.075