0 0.61015625 0.31640625 0.121875 0.4421875
0 0.40234375 0.48984375 0.13125 0.490625
0 0.82734375 0.15546875 0.1015625 0.3046875
0 0.9171875 0.19140625 0.1015625 0.2125
0 0.6765625 0.10703125 0.046875 0.0453125
0 0.246875 0.2 0.053125 0.08125
0 0.97890625 0.071875 0.0421875 0.0609375
0 0.61796875 0.10546875 0.04375 0.0453125
0 0.74765625 0.08203125 0.046875 0.0828125
0 0.28125 0.171875 0.06875 0.1328125
0 0.05859375 0.18125 0.053125 0.1125
0 0.03125 0.18046875 0.053125 0.1140625
0 0.6296875 0.06796875 0.0609375 0.0734375