0 0.94921875 0.21640625 0.084375 0.303125
0 0.91015625 0.1421875 0.0875 0.2
0 0.83671875 0.1859375 0.0875 0.2734375
0 0.75390625 0.23515625 0.0828125 0.3421875
0 0.6921875 0.146875 0.0515625 0.1515625
0 0.57890625 0.08515625 0.1109375 0.165625
0 0.44921875 0.02265625 0.015625 0.0453125
0 0.46015625 0.05390625 0.021875 0.0859375
0 0.42890625 0.06640625 0.01875 0.0953125
0 0.38046875 0.040625 0.0234375 0.0421875
0 0.67578125 0.01875 0.084375 0.0375
0 0.3375 0.05390625 0.0171875 0.04375
0 0.41015625 0.07421875 0.0203125 0.1140625