0 0.628125 0.834375 0.01875 0.0859375
0 0.58984375 0.8375 0.028125 0.09375
0 0.6078125 0.84765625 0.0203125 0.09375
0 0.04296875 0.83203125 0.009375 0.0546875
0 0.3609375 0.8625 0.021875 0.1015625
0 0.109375 0.83828125 0.015625 0.1
0 0.2046875 0.84765625 0.0265625 0.1078125
0 0.2390625 0.85546875 0.0296875 0.1078125
0 0.303125 0.853125 0.0234375 0.1234375
0 0.5765625 0.85234375 0.015625 0.0546875
0 0.0828125 0.84296875 0.0203125 0.0859375
0 0.146875 0.85390625 0.03125 0.1140625
0 0.64296875 0.83984375 0.015625 0.0890625