0 0.496875 0.5265625 0.4421875 0.7859375
0 0.06015625 0.24609375 0.1078125 0.3640625
0 0.921875 0.0359375 0.0515625 0.071875
0 0.97109375 0.04453125 0.0515625 0.0890625
0 0.05 0.02578125 0.065625 0.0515625
0 0.1203125 0.34765625 0.13125 0.2515625
0 0.18671875 0.0234375 0.059375 0.046875
0 0.15390625 0.7015625 0.3078125 0.55
0 0.0359375 0.2578125 0.071875 0.375
0 0.103125 0.02421875 0.0578125 0.009375
0 0.23125 0.02421875 0.046875 0.0421875
0 0.5890625 0.0171875 0.0703125 0.034375
0 0.278125 0.02109375 0.0046875 0.0421875