0 0.53515625 0.53359375 0.084375 0.3046875
0 0.61640625 0.5171875 0.084375 0.31875
0 0.40234375 0.42734375 0.03125 0.046875
0 0.35546875 0.4296875 0.0265625 0.04375
0 0.07890625 0.10390625 0.0375 0.2078125
0 0.85078125 0.52109375 0.0359375 0.19375
0 0.05 0.084375 0.0234375 0.16875
0 0.2796875 0.20390625 0.046875 0.0625
0 0.325 0.20390625 0.0421875 0.065625
0 0.92421875 0.07109375 0.01875 0.1234375
0 0.1703125 0.58046875 0.1 0.13125
0 0.409375 0.2046875 0.0328125 0.0609375
0 0.13984375 0.5609375 0.0734375 0.103125