0 0.42265625 0.53671875 0.203125 0.4109375
0 0.9328125 0.58984375 0.1265625 0.4375
0 0.90625 0.39296875 0.0984375 0.3765625
0 0.69375 0.30078125 0.0734375 0.30625
0 0.18515625 0.1875 0.0703125 0.0765625
0 0.384375 0.12265625 0.0578125 0.0953125
0 0.33203125 0.11953125 0.0578125 0.0859375
0 0.2703125 0.12421875 0.06875 0.0765625
0 0.490625 0.10859375 0.071875 0.11875
0 0.240625 0.18828125 0.0625 0.0671875
0 0.42734375 0.13125 0.0765625 0.08125
0 0.54921875 0.10546875 0.090625 0.14375
0 0.01953125 0.88984375 0.0359375 0.2203125