0 0.32421875 0.540625 0.290625 0.5
0 0.20234375 0.36484375 0.096875 0.1046875
0 0.7359375 0.29375 0.0984375 0.1703125
0 0.0515625 0.33125 0.084375 0.1375
0 0.5734375 0.31015625 0.103125 0.15625
0 0.6421875 0.27109375 0.0890625 0.1234375
0 0.1328125 0.06171875 0.065625 0.0859375
0 0.05078125 0.32265625 0.096875 0.2625
0 0.49140625 0.03359375 0.0515625 0.0640625
0 0.30859375 0.04453125 0.084375 0.0828125
0 0.4171875 0.3375 0.0703125 0.1859375
0 0.87734375 0.28515625 0.13125 0.15
0 0.0859375 0.05859375 0.034375 0.0859375