0 0.36171875 0.5828125 0.0671875 0.3078125
0 0.38125 0.4609375 0.04375 0.1765625
0 0.21640625 0.5609375 0.0890625 0.29375
0 0.22421875 0.43203125 0.03125 0.121875
0 0.24296875 0.4390625 0.01875 0.1078125
0 0.28671875 0.46796875 0.0375 0.1625
0 0.121875 0.5234375 0.0609375 0.28125
0 0.9359375 0.525 0.0515625 0.103125
0 0.90390625 0.478125 0.04375 0.15625
0 0.31640625 0.55078125 0.04375 0.34375
0 0.2546875 0.5421875 0.0390625 0.246875
0 0.1546875 0.5015625 0.0578125 0.2609375
0 0.33125 0.43046875 0.0234375 0.0578125