0 0.60546875 0.46015625 0.3203125 0.60625
0 0.565625 0.40390625 0.2375 0.5875
0 0.8828125 0.265625 0.0515625 0.2671875
0 0.3578125 0.315625 0.0328125 0.2
0 0.30703125 0.32890625 0.0265625 0.159375
0 0.22890625 0.30546875 0.034375 0.2046875
0 0.425 0.303125 0.0296875 0.246875
0 0.38984375 0.29609375 0.034375 0.253125
0 0.1828125 0.2921875 0.0375 0.2
0 0.96953125 0.31796875 0.0390625 0.1546875
0 0.4046875 0.24296875 0.053125 0.20625
0 0.59609375 0.2015625 0.0421875 0.05
0 0.253125 0.32265625 0.04375 0.1640625