0 0.340625 0.53203125 0.1859375 0.4015625
0 0.13515625 0.64609375 0.053125 0.0953125
0 0.6 0.52265625 0.1109375 0.3796875
0 0.86171875 0.67578125 0.0671875 0.1921875
0 0.63125 0.67421875 0.04375 0.075
0 0.984375 0.69921875 0.03125 0.19375
0 0.8953125 0.74453125 0.040625 0.0609375
0 0.93203125 0.746875 0.03125 0.0609375
0 0.6578125 0.7 0.015625 0.0296875
0 0.47109375 0.653125 0.0828125 0.10625
0 0.38125 0.65 0.0453125 0.1015625
0 0.57109375 0.68203125 0.025 0.0453125
0 0.8109375 0.675 0.0203125 0.0375