0 0.865625 0.2421875 0.040625 0.053125
0 0.78984375 0.25234375 0.075 0.0875
0 0.8140625 0.6265625 0.084375 0.1578125
0 0.825 0.74453125 0.35 0.0671875
0 0.72109375 0.64609375 0.0625 0.1875
0 0.6234375 0.6453125 0.0828125 0.1296875
0 0.38984375 0.7203125 0.090625 0.396875
0 0.32265625 0.64609375 0.0625 0.1328125
0 0.26328125 0.715625 0.078125 0.26875
0 0.6765625 0.6796875 0.1296875 0.20625
0 0.2296875 0.65546875 0.0046875 0.121875
0 0.14921875 0.74375 0.1109375 0.3265625
0 0.4765625 0.571875 0.3921875 0.8453125