0 0.459375 0.44609375 0.2890625 0.3109375
0 0.4078125 0.7765625 0.046875 0.084375
0 0.36015625 0.7375 0.0453125 0.1234375
0 0.4515625 0.778125 0.046875 0.109375
0 0.53359375 0.77890625 0.03125 0.0578125
0 0.57734375 0.78828125 0.03125 0.0609375
0 0.60390625 0.809375 0.025 0.0421875
0 0.6546875 0.815625 0.05 0.0625
0 0.25703125 0.7171875 0.04375 0.109375
0 0.74375 0.82734375 0.0296875 0.04375
0 0.50078125 0.7671875 0.040625 0.0625
0 0.334375 0.73828125 0.05 0.109375
0 0.09140625 0.60390625 0.0359375 0.090625