0 0.20078125 0.64140625 0.0375 0.1328125
0 0.27578125 0.63203125 0.0359375 0.1046875
0 0.609375 0.62890625 0.0265625 0.1140625
0 0.38125 0.6828125 0.0453125 0.140625
0 0.640625 0.6125 0.021875 0.071875
0 0.88125 0.65 0.034375 0.1015625
0 0.28515625 0.09453125 0.03125 0.090625
0 0.26015625 0.09921875 0.015625 0.08125
0 0.503125 0.0859375 0.0203125 0.0328125
0 0.52578125 0.109375 0.0203125 0.065625
0 0.54375 0.1171875 0.021875 0.0875
0 0.06015625 0.609375 0.03125 0.075
0 0.4390625 0.6125 0.0296875 0.0515625
0 0.23203125 0.11796875 0.03515625 0.08203125
0 0.4828125 0.61484375 0.04296875 0.1078125
0 0.84765625 0.6140625 0.03125 0.08984375
0 0.69140625 0.67734375 0.0296875 0.06796875
0 0.721875 0.68203125 0.0453125 0.090625
0 0.67578125 0.63671875 0.04140625 0.10234375