0 0.596875 0.3453125 0.0640625 0.178125
0 0.8328125 0.3890625 0.0234375 0.084375
0 0.43984375 0.3984375 0.01875 0.1078125
0 0.26875 0.35625 0.0265625 0.0578125
0 0.38125 0.39921875 0.025 0.1
0 0.36015625 0.375 0.0203125 0.0390625
0 0.1375 0.3921875 0.040625 0.1140625
0 0.0609375 0.3828125 0.021875 0.0859375
0 0.96171875 0.38515625 0.01875 0.0703125
0 0.0296875 0.38046875 0.0296875 0.1046875
0 0.88046875 0.35703125 0.021875 0.046875
0 0.11953125 0.3875 0.021875 0.1078125
0 0.046875 0.3890625 0.0140625 0.1125