0 0.5578125 0.53359375 0.2984375 0.690625
0 0.846875 0.29296875 0.1625 0.1078125
0 0.675 0.2734375 0.1296875 0.0875
0 0.7640625 0.159375 0.14375 0.14375
0 0.59765625 0.17109375 0.1734375 0.134375
0 0.6640625 0.1046875 0.1046875 0.1625
0 0.4328125 0.17734375 0.1390625 0.140625
0 0.28984375 0.2859375 0.115625 0.109375
0 0.27265625 0.16875 0.1328125 0.1203125
0 0.11484375 0.159375 0.1671875 0.13125
0 0.18671875 0.1375 0.1203125 0.1703125
0 0.9171875 0.1640625 0.1609375 0.1390625
0 0.31328125 0.059375 0.1671875 0.11875