0 0.55390625 0.62421875 0.0328125 0.1015625
0 0.57890625 0.61640625 0.015625 0.0828125
0 0.63515625 0.62421875 0.0109375 0.0734375
0 0.6125 0.61640625 0.0203125 0.0921875
0 0.6640625 0.628125 0.0125 0.0703125
0 0.68515625 0.621875 0.025 0.0984375
0 0.72265625 0.6171875 0.021875 0.115625
0 0.96015625 0.62421875 0.0140625 0.078125
0 0.9015625 0.60234375 0.0140625 0.0453125
0 0.7359375 0.66171875 0.0203125 0.096875
0 0.79765625 0.63125 0.01875 0.05
0 0.59296875 0.6140625 0.0203125 0.09375
0 0.76171875 0.6359375 0.0390625 0.140625