0 0.61015625 0.68125 0.0203125 0.109375
0 0.7265625 0.65546875 0.028125 0.084375
0 0.6046875 0.5796875 0.0125 0.053125
0 0.59765625 0.57109375 0.0203125 0.05
0 0.46171875 0.6734375 0.0328125 0.09375
0 0.53828125 0.6140625 0.0265625 0.0703125
0 0.3609375 0.69375 0.0296875 0.0953125
0 0.7140625 0.6390625 0.021875 0.0546875
0 0.8171875 0.64921875 0.0421875 0.084375
0 0.2828125 0.6984375 0.015625 0.053125
0 0.26796875 0.6875 0.0203125 0.075
0 0.63203125 0.58125 0.0171875 0.0484375
0 0.60390625 0.65390625 0.0140625 0.04375