0 0.88671875 0.68046875 0.034375 0.1109375
0 0.2234375 0.66015625 0.0421875 0.0734375
0 0.1359375 0.65078125 0.0421875 0.08125
0 0.52265625 0.67265625 0.028125 0.0875
0 0.20390625 0.63671875 0.015625 0.04375
0 0.425 0.66796875 0.0359375 0.0859375
0 0.4671875 0.64453125 0.021875 0.0453125
0 0.090625 0.63828125 0.021875 0.03125
0 0.60078125 0.64375 0.0234375 0.0390625
0 0.67109375 0.6625 0.028125 0.0421875
0 0.29140625 0.65703125 0.0125 0.0734375
0 0.73125 0.65703125 0.03125 0.0515625
0 0.58359375 0.66796875 0.0453125 0.0765625