0 0.39453125 0.6046875 0.2359375 0.790625
0 0.9296875 0.5 0.0578125 0.2171875
0 0.609375 0.5140625 0.0546875 0.296875
0 0.67265625 0.453125 0.028125 0.1
0 0.51875 0.43828125 0.06875 0.1203125
0 0.3203125 0.46640625 0.08125 0.321875
0 0.2546875 0.4609375 0.0046875 0.2875
0 0.80546875 0.54921875 0.09375 0.171875
0 0.5578125 0.43125 0.0609375 0.1234375
0 0.2234375 0.47578125 0.0625 0.31875
0 0.490625 0.54921875 0.08125 0.1703125
0 0.70546875 0.40390625 0.0109375 0.0625
0 0.740625 0.3859375 0.0171875 0.03125