0 0.55390625 0.6 0.33125 0.4296875
0 0.628125 0.3828125 0.128125 0.11875
0 0.46640625 0.36875 0.1421875 0.146875
0 0.88671875 0.253125 0.146875 0.1609375
0 0.625 0.25234375 0.175 0.15
0 0.38984375 0.246875 0.1359375 0.1578125
0 0.7453125 0.25703125 0.165625 0.1609375
0 0.834375 0.0921875 0.1375 0.184375
0 0.415625 0.0890625 0.1359375 0.115625
0 0.5140625 0.23828125 0.140625 0.159375
0 0.53125 0.10234375 0.1234375 0.1171875
0 0.16328125 0.20546875 0.1140625 0.08125
0 0.278125 0.240625 0.1265625 0.134375