0 0.4140625 0.56015625 0.4046875 0.7875
0 0.5515625 0.32578125 0.0671875 0.1609375
0 0.84765625 0.30703125 0.025 0.0625
0 0.6140625 0.21796875 0.0265625 0.0796875
0 0.20546875 0.35546875 0.03125 0.1125
0 0.10234375 0.36328125 0.0421875 0.1328125
0 0.8609375 0.30234375 0.025 0.0703125
0 0.62578125 0.31640625 0.0296875 0.0578125
0 0.6859375 0.24296875 0.025 0.0375
0 0.66796875 0.24453125 0.0171875 0.0359375
0 0.665625 0.203125 0.0078125 0.01875
0 0.80546875 0.228125 0.0125 0.0640625
0 0.7109375 0.32734375 0.0171875 0.05