0 0.53828125 0.67734375 0.16875 0.4140625
0 0.59609375 0.49765625 0.0765625 0.321875
0 0.21015625 0.3953125 0.071875 0.3296875
0 0.11015625 0.315625 0.06875 0.171875
0 0.36015625 0.29140625 0.0609375 0.0890625
0 0.046875 0.234375 0.0921875 0.103125
0 0.57578125 0.31796875 0.05625 0.1171875
0 0.50546875 0.3140625 0.059375 0.10625
0 0.971875 0.39140625 0.05625 0.1125
0 0.4625 0.29375 0.05625 0.1171875
0 0.415625 0.2953125 0.05 0.10625
0 0.91875 0.3796875 0.0578125 0.1125
0 0.72734375 0.1859375 0.0546875 0.09375