0 0.459375 0.2953125 0.2296875 0.3671875
0 0.13203125 0.59375 0.0765625 0.3296875
0 0.20859375 0.565625 0.01875 0.0671875
0 0.228125 0.565625 0.0109375 0.0703125
0 0.67265625 0.79140625 0.26875 0.25
0 0.0625 0.6078125 0.03125 0.1171875
0 0.025 0.5921875 0.0453125 0.159375
0 0.359375 0.55703125 0.0171875 0.0859375
0 0.1859375 0.56171875 0.0171875 0.0765625
0 0.09921875 0.57578125 0.0171875 0.0703125
0 0.0765625 0.58984375 0.025 0.13125
0 0.0453125 0.55703125 0.0078125 0.025
0 0.16953125 0.57578125 0.00625 0.0515625