0 0.51328125 0.54609375 0.303125 0.39375
0 0.83359375 0.165625 0.0984375 0.08125
0 0.5515625 0.13046875 0.1265625 0.14375
0 0.434375 0.1109375 0.5453125 0.159375
0 0.90390625 0.175 0.065625 0.090625
0 0.8109375 0.07265625 0.078125 0.103125
0 0.33203125 0.125 0.13125 0.1734375
0 0.88828125 0.1625 0.065625 0.05625
0 0.471875 0.1296875 0.0890625 0.134375
0 0.09296875 0.92109375 0.18125 0.1578125
0 0.7203125 0.059375 0.078125 0.11875
0 0.05859375 0.13359375 0.1078125 0.125
0 0.8625 0.3171875 0.2015625 0.1609375