0 0.50625 0.52578125 0.234375 0.88125
0 0.9546875 0.13515625 0.090625 0.2125
0 0.45078125 0.153125 0.0578125 0.1578125
0 0.6046875 0.06796875 0.021875 0.0359375
0 0.878125 0.065625 0.0171875 0.090625
0 0.6515625 0.07578125 0.025 0.065625
0 0.75234375 0.11953125 0.0625 0.1671875
0 0.56328125 0.07890625 0.028125 0.071875
0 0.61875 0.07109375 0.0171875 0.0546875
0 0.8609375 0.0609375 0.0125 0.059375
0 0.5859375 0.06875 0.0171875 0.0515625
0 0.3171875 0.121875 0.0375 0.1359375
0 0.80078125 0.065625 0.009375 0.034375