0 0.79296875 0.765625 0.071875 0.303125
0 0.85390625 0.73125 0.059375 0.2953125
0 0.54609375 0.66640625 0.025 0.1203125
0 0.04375 0.63984375 0.0125 0.078125
0 0.46328125 0.6421875 0.0125 0.065625
0 0.47421875 0.63984375 0.0140625 0.06875
0 0.45 0.6421875 0.0109375 0.0734375
0 0.4296875 0.62890625 0.0140625 0.05625
0 0.41328125 0.62109375 0.0078125 0.0421875
0 0.40234375 0.621875 0.0125 0.0375
0 0.384375 0.628125 0.0125 0.0375
0 0.37890625 0.62578125 0.0078125 0.046875
0 0.44140625 0.64453125 0.015625 0.078125