0 0.51015625 0.5703125 0.5 0.7796875
0 0.95 0.4265625 0.1 0.25625
0 0.7734375 0.3625 0.084375 0.3796875
0 0.040625 0.365625 0.08125 0.3578125
0 0.3109375 0.296875 0.1609375 0.1453125
0 0.0984375 0.565625 0.19375 0.6625
0 0.03046875 0.1984375 0.0609375 0.0796875
0 0.1859375 0.2953125 0.0046875 0.121875
0 0.54765625 0.3671875 0.059375 0.140625
0 0.21875 0.27265625 0.059375 0.1734375
0 0.13515625 0.29609375 0.078125 0.134375
0 0.4375 0.39140625 0.053125 0.1734375
0 0.71953125 0.40859375 0.0734375 0.290625