0 0.18828125 0.54296875 0.1140625 0.2921875
0 0.68125 0.47421875 0.109375 0.4140625
0 0.3015625 0.23125 0.0109375 0.0328125
0 0.27265625 0.2375 0.0125 0.025
0 0.26171875 0.23125 0.0078125 0.025
0 0.24140625 0.23203125 0.009375 0.0296875
0 0.22109375 0.23359375 0.0078125 0.0234375
0 0.1515625 0.240625 0.021875 0.0453125
0 0.77265625 0.24296875 0.0109375 0.0296875
0 0.290625 0.23203125 0.0109375 0.0359375
0 0.33125 0.22734375 0.0046875 0.03125
0 0.00859375 0.25078125 0.009375 0.0546875
0 0.26875 0.23125 0.009375 0.025