0 0.84453125 0.6640625 0.3109375 0.65625
0 0.66953125 0.36171875 0.0796875 0.0578125
0 0.290625 0.4015625 0.1265625 0.1078125
0 0.2671875 0.3046875 0.0734375 0.075
0 0.628125 0.4109375 0.1203125 0.134375
0 0.79765625 0.371875 0.065625 0.0875
0 0.20625 0.353125 0.09375 0.065625
0 0.50390625 0.334375 0.06875 0.040625
0 0.03984375 0.4046875 0.078125 0.1390625
0 0.3328125 0.38125 0.059375 0.0828125
0 0.53046875 0.66953125 0.4078125 0.63125
0 0.153125 0.3375 0.0328125 0.028125
0 0.36796875 0.3046875 0.05625 0.0390625