0 0.28984375 0.1828125 0.0703125 0.1171875
0 0.53203125 0.59765625 0.1703125 0.4078125
0 0.2734375 0.27109375 0.0671875 0.0984375
0 0.3578125 0.1890625 0.04375 0.0796875
0 0.40390625 0.1546875 0.0640625 0.1359375
0 0.47265625 0.1265625 0.0984375 0.0921875
0 0.96640625 0.12578125 0.04375 0.0921875
0 0.43828125 0.1 0.04375 0.0703125
0 0.8796875 0.315625 0.078125 0.340625
0 0.1 0.178125 0.0609375 0.1359375
0 0.1046875 0.18984375 0.046875 0.125
0 0.9578125 0.42265625 0.084375 0.2609375
0 0.34453125 0.13359375 0.053125 0.103125