0 0.88203125 0.59765625 0.23125 0.8046875
0 0.69375 0.640625 0.434375 0.71875
0 0.50546875 0.45625 0.2859375 0.3296875
0 0.21328125 0.53203125 0.26875 0.4671875
0 0.33828125 0.36953125 0.090625 0.1953125
0 0.39609375 0.371875 0.084375 0.1640625
0 0.64453125 0.26875 0.0390625 0.0734375
0 0.07890625 0.25546875 0.1140625 0.1359375
0 0.62265625 0.37890625 0.06875 0.2234375
0 0.1546875 0.36484375 0.0703125 0.2171875
0 0.05546875 0.39453125 0.0921875 0.2546875
0 0.30078125 0.30390625 0.0328125 0.0515625
0 0.275 0.32109375 0.040625 0.0984375