0 0.8859375 0.55234375 0.228125 0.7734375
0 0.36171875 0.51640625 0.2421875 0.9390625
0 0.64765625 0.29296875 0.1625 0.465625
0 0.871875 0.196875 0.103125 0.2953125
0 0.5328125 0.12265625 0.0921875 0.19375
0 0.925 0.09921875 0.0328125 0.1140625
0 0.2015625 0.3 0.1609375 0.5359375
0 0.475 0.10390625 0.0296875 0.165625
0 0.28984375 0.0828125 0.0359375 0.146875
0 0.9625 0.14296875 0.075 0.2859375
0 0.8078125 0.15546875 0.1015625 0.3109375
0 0.44140625 0.08203125 0.0359375 0.090625
0 0.6140625 0.10625 0.046875 0.1796875