0 0.30390625 0.5125 0.4671875 0.8578125
0 0.83984375 0.06875 0.09375 0.1375
0 0.6828125 0.53359375 0.3109375 0.89375
0 0.840625 0.42890625 0.103125 0.1140625
0 0.9125 0.39921875 0.1046875 0.1734375
0 0.77421875 0.084375 0.04375 0.065625
0 0.92734375 0.0796875 0.134375 0.1578125
0 0.8421875 0.353125 0.103125 0.2
0 0.9734375 0.17734375 0.053125 0.0765625
0 0.63359375 0.1140625 0.084375 0.14375
0 0.5046875 0.4125 0.103125 0.1
0 0.103125 0.11328125 0.1578125 0.165625
0 0.72109375 0.0671875 0.0890625 0.10625