0 0.6578125 0.790625 0.028125 0.0515625
0 0.56640625 0.74609375 0.0203125 0.0328125
0 0.5421875 0.734375 0.0171875 0.0296875
0 0.58125 0.775 0.03125 0.0625
0 0.5359375 0.78828125 0.028125 0.0515625
0 0.5265625 0.74375 0.01875 0.0234375
0 0.46328125 0.746875 0.0171875 0.0296875
0 0.43515625 0.73203125 0.0171875 0.0296875
0 0.34765625 0.69140625 0.03125 0.0375
0 0.415625 0.71640625 0.021875 0.0421875
0 0.36953125 0.68359375 0.0140625 0.025
0 0.3328125 0.70078125 0.015625 0.03125
0 0.503125 0.73671875 0.01875 0.0359375