0 0.40703125 0.59921875 0.2234375 0.55625
0 0.49140625 0.66875 0.1921875 0.2875
0 0.22421875 0.60390625 0.24375 0.4609375
0 0.63984375 0.22578125 0.121875 0.15
0 0.553125 0.23046875 0.0703125 0.1328125
0 0.50546875 0.26640625 0.06875 0.08125
0 0.37890625 0.26796875 0.078125 0.0890625
0 0.3921875 0.21875 0.096875 0.16875
0 0.15859375 0.19609375 0.1171875 0.1609375
0 0.27578125 0.203125 0.1640625 0.1953125
0 0.44375 0.17734375 0.065625 0.1625
0 0.95703125 0.25 0.0859375 0.1046875
0 0.83203125 0.16640625 0.0984375 0.2484375