0 0.759375 0.72734375 0.2234375 0.5453125
0 0.3125 0.5234375 0.1625 0.309375
0 0.1640625 0.696875 0.309375 0.571875
0 0.428125 0.471875 0.1328125 0.2828125
0 0.2515625 0.340625 0.028125 0.0703125
0 0.37578125 0.309375 0.028125 0.0578125
0 0.5046875 0.35234375 0.0625 0.1359375
0 0.5578125 0.3734375 0.0296875 0.084375
0 0.590625 0.4171875 0.06875 0.16875
0 0.61328125 0.40625 0.0421875 0.1265625
0 0.09140625 0.36796875 0.0703125 0.08125
0 0.2015625 0.359375 0.0859375 0.121875
0 0.27421875 0.3921875 0.04375 0.075