0 0.13203125 0.53359375 0.0375 0.125
0 0.17734375 0.53828125 0.03125 0.1203125
0 0.26171875 0.55859375 0.03125 0.1203125
0 0.30234375 0.54921875 0.028125 0.146875
0 0.32578125 0.5 0.0296875 0.125
0 0.3453125 0.553125 0.0203125 0.125
0 0.3671875 0.546875 0.0234375 0.1140625
0 0.75390625 0.61171875 0.0875 0.240625
0 0.4171875 0.54140625 0.021875 0.1125
0 0.51484375 0.55078125 0.0234375 0.1015625
0 0.42109375 0.52109375 0.015625 0.0859375
0 0.46328125 0.55078125 0.0265625 0.1046875
0 0.209375 0.53828125 0.0296875 0.1171875