0 0.30078125 0.57734375 0.390625 0.5625
0 0.0390625 0.33359375 0.078125 0.346875
0 0.16015625 0.17890625 0.05625 0.0796875
0 0.1265625 0.171875 0.0046875 0.084375
0 0.584375 0.15546875 0.05 0.075
0 0.6640625 0.15078125 0.053125 0.0859375
0 0.853125 0.20859375 0.084375 0.0671875
0 0.9515625 0.21328125 0.046875 0.065625
0 0.39140625 0.13203125 0.034375 0.0890625
0 0.0390625 0.3328125 0.0734375 0.196875
0 0.44375 0.05234375 0.0359375 0.075
0 0.4296875 0.16015625 0.046875 0.09375
0 0.778125 0.215625 0.0578125 0.04375