0 0.43359375 0.57109375 0.0109375 0.0234375
0 0.6390625 0.5703125 0.0109375 0.0328125
0 0.62265625 0.55703125 0.0125 0.01875
0 0.61171875 0.56875 0.00625 0.0203125
0 0.20703125 0.62421875 0.0140625 0.071875
0 0.22890625 0.6203125 0.0171875 0.0671875
0 0.12421875 0.61484375 0.0125 0.0515625
0 0.0390625 0.634375 0.0265625 0.0625
0 0.609375 0.55859375 0.0078125 0.01875
0 0.425 0.596875 0.01875 0.0609375
0 0.31015625 0.5875 0.0140625 0.053125
0 0.53828125 0.56328125 0.015625 0.01875
0 0.36015625 0.5640625 0.0078125 0.01875