0 0.228125 0.15390625 0.190625 0.3078125
0 0.59765625 0.49453125 0.2453125 0.5859375
0 0.30625 0.3765625 0.128125 0.2296875
0 0.83203125 0.25703125 0.1359375 0.1265625
0 0.9328125 0.25703125 0.103125 0.103125
0 0.72421875 0.16015625 0.1328125 0.128125
0 0.61171875 0.14296875 0.1421875 0.1015625
0 0.0703125 0.49140625 0.140625 0.521875
0 0.8625 0.30625 0.1109375 0.1
0 0.07578125 0.61015625 0.1515625 0.578125
0 0.0609375 0.30859375 0.034375 0.04375
0 0.52109375 0.221875 0.0734375 0.0953125
0 0.953125 0.53515625 0.09375 0.4921875