0 0.384375 0.63515625 0.4 0.6921875
0 0.8984375 0.628125 0.03125 0.1359375
0 0.86171875 0.62578125 0.03125 0.1484375
0 0.94296875 0.56484375 0.0140625 0.05625
0 0.95625 0.56484375 0.0125 0.059375
0 0.0640625 0.53671875 0.025 0.0328125
0 0.58828125 0.57734375 0.0171875 0.0734375
0 0.97890625 0.57734375 0.0109375 0.03125
0 0.93125 0.56015625 0.0125 0.05625
0 0.94921875 0.575 0.0046875 0.0234375
0 0.96796875 0.58359375 0.0125 0.0265625
0 0.90859375 0.55546875 0.0140625 0.046875
0 0.81796875 0.6171875 0.0234375 0.125