0 0.6609375 0.74609375 0.0828125 0.2875
0 0.8015625 0.7046875 0.046875 0.1546875
0 0.49375 0.75546875 0.0515625 0.246875
0 0.44375 0.75390625 0.0609375 0.2375
0 0.34375 0.76640625 0.0640625 0.16875
0 0.54375 0.65859375 0.0234375 0.0953125
0 0.69765625 0.65546875 0.0171875 0.06875
0 0.12578125 0.75546875 0.0609375 0.203125
0 0.078125 0.7359375 0.05 0.209375
0 0.271875 0.74296875 0.0578125 0.20625
0 0.178125 0.71015625 0.0421875 0.253125
0 0.4125 0.6671875 0.0171875 0.0890625
0 0.57421875 0.625 0.0125 0.04375