0 0.578125 0.54453125 0.2140625 0.4203125
0 0.221875 0.60234375 0.15 0.3140625
0 0.24140625 0.1921875 0.05625 0.31875
0 0.27109375 0.20625 0.0671875 0.2890625
0 0.45390625 0.21875 0.0984375 0.1828125
0 0.190625 0.184375 0.05625 0.3609375
0 0.59375 0.1640625 0.0609375 0.115625
0 0.6578125 0.1640625 0.0765625 0.1296875
0 0.14375 0.09140625 0.05625 0.1078125
0 0.103125 0.1171875 0.0828125 0.125
0 0.53046875 0.18046875 0.06875 0.159375
0 0.35546875 0.61171875 0.1953125 0.2703125
0 0.71328125 0.16796875 0.0765625 0.1125