0 0.57734375 0.621875 0.26875 0.4390625
0 0.86640625 0.46875 0.0484375 0.028125
0 0.89140625 0.44296875 0.046875 0.04375
0 0.384375 0.44609375 0.0515625 0.053125
0 0.8453125 0.44609375 0.04375 0.053125
0 0.67109375 0.44765625 0.0375 0.0453125
0 0.08203125 0.765625 0.1640625 0.46875
0 0.16875 0.42265625 0.0484375 0.0453125
0 0.46875 0.5640625 0.1703125 0.3546875
0 0.275 0.45859375 0.0390625 0.025
0 0.17578125 0.453125 0.053125 0.0328125
0 0.321875 0.44375 0.0421875 0.04375
0 0.80546875 0.446875 0.046875 0.053125