0 0.23515625 0.51171875 0.1875 0.5546875
0 0.64140625 0.309375 0.1765625 0.325
0 0.74609375 0.45 0.2578125 0.40625
0 0.8109375 0.60546875 0.378125 0.7890625
0 0.33125 0.3875 0.184375 0.3796875
0 0.38671875 0.28984375 0.046875 0.1375
0 0.3609375 0.33671875 0.121875 0.2046875
0 0.57578125 0.3 0.075 0.2078125
0 0.4015625 0.25390625 0.0375 0.1125
0 0.7984375 0.29140625 0.0390625 0.13125
0 0.15703125 0.6375 0.30625 0.6984375
0 0.6328125 0.315625 0.053125 0.1921875
0 0.05859375 0.278125 0.115625 0.1296875