0 0.5234375 0.628125 0.15625 0.371875
0 0.91796875 0.74609375 0.1640625 0.5078125
0 0.68984375 0.428125 0.01875 0.0765625
0 0.184375 0.54140625 0.0046875 0.253125
0 0.1546875 0.55234375 0.0578125 0.2609375
0 0.4 0.471875 0.034375 0.1953125
0 0.42421875 0.496875 0.025 0.1640625
0 0.06640625 0.5046875 0.05625 0.2171875
0 0.9296875 0.42578125 0.0390625 0.1078125
0 0.52265625 0.45 0.0328125 0.1078125
0 0.26953125 0.5265625 0.0734375 0.2453125
0 0.590625 0.453125 0.040625 0.0828125
0 0.80546875 0.4234375 0.025 0.11875