0 0.8828125 0.553125 0.0515625 0.2484375
0 0.790625 0.70390625 0.1515625 0.5640625
0 0.45078125 0.73515625 0.371875 0.5046875
0 0.1578125 0.71875 0.2875 0.5078125
0 0.196875 0.53125 0.2125 0.2046875
0 0.4734375 0.53515625 0.078125 0.2453125
0 0.64765625 0.559375 0.0671875 0.2671875
0 0.5640625 0.54765625 0.0453125 0.2578125
0 0.9328125 0.521875 0.0546875 0.1234375
0 0.5203125 0.46328125 0.0140625 0.04375
0 0.68046875 0.475 0.034375 0.1046875
0 0.71875 0.49375 0.0265625 0.13125
0 0.38125 0.47734375 0.0984375 0.0859375