0 0.45625 0.62265625 0.38125 0.7515625
0 0.71171875 0.79296875 0.2234375 0.4125
0 0.8359375 0.77578125 0.2953125 0.4484375
0 0.2625 0.85234375 0.14375 0.1984375
0 0.0671875 0.596875 0.0046875 0.1359375
0 0.0921875 0.596875 0.0203125 0.075
0 0.98125 0.58125 0.025 0.1078125
0 0.15859375 0.665625 0.0609375 0.2203125
0 0.12578125 0.640625 0.0453125 0.1828125
0 0.890625 0.53125 0.03125 0.0640625
0 0.8421875 0.58515625 0.0390625 0.1578125
0 0.95625 0.58046875 0.021875 0.1171875
0 0.8640625 0.52890625 0.0140625 0.03125