0 0.02421875 0.58828125 0.0046875 0.0984375
0 0.05703125 0.69296875 0.0640625 0.2765625
0 0.13671875 0.74765625 0.121875 0.296875
0 0.55859375 0.775 0.084375 0.3453125
0 0.22265625 0.63984375 0.05 0.1375
0 0.26875 0.6328125 0.046875 0.1859375
0 0.321875 0.6625 0.0546875 0.246875
0 0.35546875 0.60234375 0.040625 0.1375
0 0.384375 0.609375 0.0390625 0.1
0 0.41015625 0.57109375 0.0234375 0.071875
0 0.6703125 0.75078125 0.1078125 0.371875
0 0.87265625 0.68984375 0.09375 0.36875
0 0.77265625 0.73125 0.071875 0.328125