0 0.7390625 0.6453125 0.340625 0.6859375
0 0.27265625 0.4984375 0.3546875 0.9734375
0 0.94296875 0.6828125 0.1125 0.6109375
0 0.503125 0.4578125 0.2203125 0.7328125
0 0.6890625 0.23671875 0.21875 0.378125
0 0.8046875 0.39296875 0.14375 0.6125
0 0.9640625 0.20546875 0.071875 0.4015625
0 0.88671875 0.34296875 0.10625 0.46875
0 0.09609375 0.86171875 0.1921875 0.25625
0 0.37421875 0.32734375 0.034375 0.0609375
0 0.08359375 0.6328125 0.13125 0.559375
0 0.54140625 0.9 0.359375 0.2
0 0.71796875 0.16171875 0.053125 0.065625