0 0.4609375 0.86875 0.0296875 0.1859375
0 0.4328125 0.878125 0.0234375 0.1859375
0 0.07890625 0.846875 0.034375 0.2203125
0 0.05625 0.796875 0.0125 0.1109375
0 0.7703125 0.7609375 0.0125 0.0859375
0 0.62890625 0.77265625 0.0125 0.08125
0 0.2359375 0.81796875 0.0125 0.1
0 0.034375 0.796875 0.021875 0.1296875
0 0.125 0.7921875 0.0109375 0.0625
0 0.01015625 0.78984375 0.0203125 0.153125
0 0.02421875 0.734375 0.0078125 0.04375
0 0.1140625 0.7796875 0.009375 0.053125
0 0.02421875 0.9109375 0.028125 0.0671875