0 0.22109375 0.56015625 0.0078125 0.0359375
0 0.21171875 0.56015625 0.0109375 0.0390625
0 0.26015625 0.509375 0.00625 0.0234375
0 0.246875 0.55 0.0125 0.0171875
0 0.23671875 0.54765625 0.0078125 0.0171875
0 0.18828125 0.56015625 0.0109375 0.0359375
0 0.16875 0.56484375 0.0125 0.0296875
0 0.5234375 0.53671875 0.015625 0.0375
0 0.15078125 0.56328125 0.009375 0.0296875
0 0.15234375 0.55390625 0.0109375 0.0140625
0 0.228125 0.55234375 0.0046875 0.0203125
0 0.25703125 0.55 0.0078125 0.0171875
0 0.27421875 0.55078125 0.0078125 0.0296875