0 0.3328125 0.52734375 0.665625 0.9265625
0 0.64140625 0.34375 0.2625 0.35625
0 0.74765625 0.37890625 0.1421875 0.2921875
0 0.0609375 0.33671875 0.121875 0.6
0 0.80703125 0.26953125 0.0296875 0.0296875
0 0.7515625 0.271875 0.0203125 0.03125
0 0.621875 0.27578125 0.0046875 0.06875
0 0.43984375 0.14453125 0.1453125 0.2
0 0.653125 0.27578125 0.06875 0.0984375
0 0.67109375 0.278125 0.028125 0.0546875
0 0.8109375 0.34375 0.05625 0.1234375
0 0.9078125 0.4890625 0.184375 0.55
0 0.978125 0.2484375 0.04375 0.059375