0 0.68203125 0.5046875 0.2453125 0.675
0 0.2890625 0.4578125 0.184375 0.6421875
0 0.40234375 0.92421875 0.0828125 0.121875
0 0.4734375 0.88984375 0.0734375 0.178125
0 0.95546875 0.86796875 0.0671875 0.1
0 0.5296875 0.93359375 0.075 0.0984375
0 0.7125 0.878125 0.078125 0.121875
0 0.7890625 0.9203125 0.090625 0.1
0 0.44453125 0.83515625 0.0578125 0.0953125
0 0.7859375 0.8671875 0.078125 0.109375
0 0.6546875 0.85859375 0.0640625 0.128125
0 0.55390625 0.878125 0.1109375 0.13125
0 0.275 0.87578125 0.084375 0.13125