0 0.2625 0.54296875 0.1875 0.4640625
0 0.6859375 0.62578125 0.178125 0.7375
0 0.75078125 0.359375 0.0234375 0.0609375
0 0.784375 0.43671875 0.0578125 0.19375
0 0.52265625 0.409375 0.0375 0.0625
0 0.91171875 0.44453125 0.08125 0.25
0 0.41796875 0.41953125 0.1015625 0.2109375
0 0.84453125 0.38359375 0.0265625 0.1015625
0 0.61015625 0.490625 0.1078125 0.1859375
0 0.82421875 0.378125 0.01875 0.1
0 0.81015625 0.415625 0.0265625 0.1515625
0 0.6125 0.38515625 0.04375 0.0890625
0 0.87265625 0.35703125 0.015625 0.03125