0 0.34375 0.5578125 0.0734375 0.25625
0 0.51953125 0.46796875 0.0578125 0.125
0 0.1453125 0.52265625 0.05 0.15
0 0.19375 0.5125 0.0203125 0.134375
0 0.2078125 0.50703125 0.0359375 0.1546875
0 0.071875 0.52734375 0.0234375 0.140625
0 0.25234375 0.475 0.0171875 0.05
0 0.11015625 0.5296875 0.021875 0.125
0 0.03046875 0.55234375 0.034375 0.09375
0 0.428125 0.471875 0.0296875 0.0546875
0 0.84140625 0.421875 0.0296875 0.06875
0 0.14921875 0.52265625 0.0328125 0.1234375
0 0.01953125 0.509375 0.01875 0.134375