0 0.5703125 0.57109375 0.0859375 0.2875
0 0.74140625 0.6453125 0.046875 0.1859375
0 0.93046875 0.5609375 0.04375 0.0703125
0 0.78984375 0.553125 0.05 0.0734375
0 0.840625 0.578125 0.01875 0.0359375
0 0.21171875 0.5421875 0.025 0.0609375
0 0.8796875 0.6578125 0.053125 0.1609375
0 0.42109375 0.62890625 0.075 0.1671875
0 0.3609375 0.55390625 0.028125 0.05
0 0.30703125 0.55078125 0.0140625 0.0515625
0 0.98046875 0.58359375 0.0359375 0.0421875
0 0.72109375 0.57890625 0.03125 0.153125
0 0.86640625 0.5765625 0.03125 0.0359375