0 0.6109375 0.615625 0.1875 0.4375
0 0.7578125 0.60078125 0.1875 0.384375
0 0.2953125 0.440625 0.1 0.2984375
0 0.3578125 0.434375 0.06875 0.3015625
0 0.465625 0.4390625 0.0734375 0.2171875
0 0.53359375 0.4109375 0.0921875 0.2578125
0 0.18046875 0.43125 0.103125 0.259375
0 0.0390625 0.4203125 0.078125 0.234375
0 0.70234375 0.4390625 0.1078125 0.2515625
0 0.42734375 0.303125 0.0390625 0.0296875
0 0.88046875 0.425 0.071875 0.1296875
0 0.64375 0.3703125 0.03125 0.0609375
0 0.77578125 0.39375 0.046875 0.0515625