0 0.75078125 0.478125 0.1671875 0.3609375
0 0.91953125 0.3625 0.021875 0.128125
0 0.93671875 0.3625 0.025 0.121875
0 0.971875 0.54609375 0.05625 0.5140625
0 0.38125 0.3375 0.05625 0.16875
0 0.7125 0.30546875 0.01875 0.0578125
0 0.55078125 0.290625 0.0359375 0.0828125
0 0.41640625 0.34296875 0.046875 0.1890625
0 0.29375 0.2890625 0.021875 0.1359375
0 0.79375 0.33203125 0.0171875 0.1078125
0 0.90390625 0.35546875 0.015625 0.11875
0 0.21796875 0.2625 0.0171875 0.0359375
0 0.1375 0.253125 0.0234375 0.05