0 0.1046875 0.85 0.053125 0.225
0 0.33046875 0.76328125 0.0578125 0.1015625
0 0.63046875 0.640625 0.0109375 0.03125
0 0.82734375 0.73984375 0.0328125 0.0421875
0 0.78984375 0.65625 0.0453125 0.13125
0 0.14140625 0.36328125 0.01875 0.0265625
0 0.1921875 0.36484375 0.0234375 0.0265625
0 0.7328125 0.615625 0.0375 0.0921875
0 0.75546875 0.609375 0.0390625 0.06875
0 0.68515625 0.715625 0.0046875 0.0734375
0 0.634375 0.71171875 0.046875 0.06875
0 0.97578125 0.94609375 0.0046875 0.1078125
0 0.82734375 0.965625 0.05625 0.06875