0 0.19453125 0.5640625 0.221875 0.84375
0 0.34140625 0.3453125 0.1953125 0.43125
0 0.46328125 0.28515625 0.125 0.296875
0 0.21328125 0.078125 0.0796875 0.1421875
0 0.5578125 0.16171875 0.0578125 0.1421875
0 0.73671875 0.27734375 0.1515625 0.3421875
0 0.9375 0.234375 0.1046875 0.2140625
0 0.84453125 0.340625 0.071875 0.134375
0 0.0421875 0.53984375 0.084375 0.171875
0 0.659375 0.15390625 0.0421875 0.0703125
0 0.4015625 0.125 0.0515625 0.0984375
0 0.846875 0.225 0.1015625 0.1765625
0 0.3734375 0.04375 0.040625 0.0875