0 0.10234375 0.65703125 0.1328125 0.6625
0 0.29609375 0.40625 0.0421875 0.1390625
0 0.22265625 0.459375 0.1046875 0.2125
0 0.02734375 0.41015625 0.0546875 0.175
0 0.46796875 0.440625 0.1015625 0.16875
0 0.684375 0.43046875 0.053125 0.11875
0 0.5859375 0.43203125 0.071875 0.1296875
0 0.82734375 0.40625 0.04375 0.1046875
0 0.5203125 0.38203125 0.028125 0.05625
0 0.7578125 0.415625 0.0546875 0.1125
0 0.67734375 0.359375 0.0140625 0.0265625
0 0.2046875 0.3625 0.0265625 0.0640625
0 0.846875 0.38828125 0.0296875 0.08125