0 0.4765625 0.63125 0.1046875 0.440625
0 0.346875 0.51640625 0.18125 0.3421875
0 0.7359375 0.4109375 0.078125 0.3609375
0 0.2 0.1125 0.0703125 0.1171875
0 0.7546875 0.0734375 0.0640625 0.1046875
0 0.69296875 0.0703125 0.0734375 0.11875
0 0.871875 0.0640625 0.0625 0.128125
0 0.8109375 0.06328125 0.0640625 0.11875
0 0.38984375 0.0984375 0.0671875 0.1171875
0 0.26640625 0.11015625 0.0640625 0.1078125
0 0.33203125 0.0984375 0.0640625 0.121875
0 0.928125 0.0640625 0.071875 0.1171875
0 0.97578125 0.06328125 0.0046875 0.1265625