0 0.42421875 0.471875 0.15 0.27109375
0 0.66171875 0.70234375 0.0375 0.14375
0 0.80859375 0.68359375 0.053125 0.1546875
0 0.93984375 0.68359375 0.078125 0.2296875
0 0.75859375 0.7 0.040625 0.1640625
0 0.79296875 0.615625 0.0171875 0.0453125
0 0.7234375 0.67265625 0.0453125 0.20625
0 0.82578125 0.63359375 0.0265625 0.0921875
0 0.85703125 0.68125 0.0359375 0.1671875
0 0.98828125 0.696875 0.0234375 0.2234375
0 0.68828125 0.67265625 0.040625 0.1984375
0 0.63984375 0.68984375 0.028125 0.1546875
0 0.978125 0.68359375 0.0328125 0.2125