0 0.8125 0.459375 0.165625 0.178125
0 0.89765625 0.43203125 0.0984375 0.209375
0 0.74609375 0.19921875 0.025 0.0578125
0 0.30703125 0.6890625 0.1375 0.559375
0 0.22421875 0.371875 0.125 0.253125
0 0.1109375 0.3734375 0.0515625 0.234375
0 0.3796875 0.3765625 0.053125 0.228125
0 0.43984375 0.21640625 0.040625 0.0453125
0 0.04453125 0.3796875 0.05625 0.2171875
0 0.3921875 0.21640625 0.0515625 0.0578125
0 0.59609375 0.41640625 0.15625 0.25625
0 0.9359375 0.34765625 0.0046875 0.0609375
0 0.7 0.409375 0.0859375 0.1640625