0 0.47265625 0.653125 0.1953125 0.5546875
0 0.309375 0.1453125 0.1 0.259375
0 0.54609375 0.146875 0.1 0.2765625
0 0.62109375 0.15234375 0.109375 0.2984375
0 0.0828125 0.13046875 0.0703125 0.259375
0 0.02578125 0.11875 0.0515625 0.234375
0 0.9546875 0.1546875 0.090625 0.309375
0 0.46328125 0.14140625 0.090625 0.2765625
0 0.71484375 0.15234375 0.1015625 0.2875
0 0.875 0.15859375 0.09375 0.3125
0 0.3828125 0.14921875 0.09375 0.29375
0 0.146875 0.0984375 0.10625 0.1921875
0 0.58515625 0.034375 0.059375 0.06875