0 0.1265625 0.66328125 0.196875 0.65
0 0.7609375 0.58828125 0.2921875 0.803125
0 0.6140625 0.409375 0.053125 0.1453125
0 0.66796875 0.49609375 0.065625 0.265625
0 0.70625 0.49140625 0.0453125 0.25625
0 0.359375 0.51875 0.0796875 0.303125
0 0.3984375 0.40390625 0.0359375 0.1296875
0 0.9109375 0.49609375 0.08125 0.3265625
0 0.515625 0.6140625 0.2859375 0.771875
0 0.74140625 0.50390625 0.0625 0.178125
0 0.55703125 0.3640625 0.0328125 0.040625
0 0.56015625 0.39921875 0.0375 0.0609375
0 0.2984375 0.4609375 0.05625 0.2