0 0.51015625 0.69609375 0.159375 0.321875
0 0.290625 0.68046875 0.1765625 0.3640625
0 0.06328125 0.5859375 0.11875 0.4578125
0 0.1625 0.56796875 0.1046875 0.4578125
0 0.2515625 0.5109375 0.1015625 0.365625
0 0.34765625 0.50546875 0.0890625 0.2671875
0 0.43046875 0.57734375 0.09375 0.3984375
0 0.91328125 0.61875 0.153125 0.4578125
0 0.5078125 0.5 0.096875 0.2953125
0 0.703125 0.50859375 0.0921875 0.26875
0 0.6046875 0.58359375 0.1125 0.4296875
0 0.796875 0.59765625 0.0984375 0.446875
0 0.709375 0.7171875 0.11875 0.31875