0 0.58515625 0.4921875 0.3625 0.5140625
0 0.08984375 0.50859375 0.0796875 0.134375
0 0.17578125 0.5015625 0.0578125 0.140625
0 0.23203125 0.5046875 0.0515625 0.1390625
0 0.30078125 0.50703125 0.04375 0.134375
0 0.8359375 0.49296875 0.05625 0.121875
0 0.93359375 0.51640625 0.0625 0.075
0 0.8734375 0.4984375 0.0375 0.10625
0 0.41484375 0.4984375 0.0375 0.11875
0 0.38046875 0.5 0.0515625 0.125
0 0.93125 0.46953125 0.053125 0.071875
0 0.2703125 0.50625 0.0390625 0.1171875
0 0.709375 0.50703125 0.0484375 0.1