0 0.24140625 0.5 0.1671875 0.3484375
0 0.43125 0.46875 0.125 0.2546875
0 0.63828125 0.35625 0.053125 0.2125
0 0.68203125 0.33125 0.0546875 0.20625
0 0.84296875 0.30703125 0.04375 0.175
0 0.73671875 0.3125 0.0265625 0.2109375
0 0.23046875 0.86484375 0.25 0.2703125
0 0.53671875 0.37578125 0.05625 0.1640625
0 0.05078125 0.525 0.0984375 0.1359375
0 0.79453125 0.30234375 0.0375 0.2015625
0 0.903125 0.50546875 0.19375 0.2546875
0 0.45078125 0.075 0.0265625 0.0484375
0 0.00546875 0.06953125 0.0109375 0.01875