0 0.465625 0.15859375 0.1390625 0.3171875
0 0.66015625 0.25625 0.1734375 0.5078125
0 0.171875 0.26171875 0.0859375 0.2546875
0 0.1171875 0.21875 0.0890625 0.4375
0 0.1671875 0.11171875 0.04375 0.0671875
0 0.23984375 0.13046875 0.03125 0.1015625
0 0.0453125 0.56171875 0.090625 0.7265625
0 0.040625 0.178125 0.078125 0.19375
0 0.39140625 0.13125 0.0375 0.2203125
0 0.203125 0.14765625 0.0375 0.1
0 0.26796875 0.05859375 0.0203125 0.0171875
0 0.06328125 0.36015625 0.059375 0.2046875
0 0.2796875 0.13046875 0.075 0.1265625