0 0.68671875 0.63125 0.078125 0.16875
0 0.6078125 0.63984375 0.0859375 0.1390625
0 0.52265625 0.465625 0.125 0.4109375
0 0.9796875 0.3125 0.01875 0.03125
0 0.58828125 0.17578125 0.015625 0.0265625
0 0.1828125 0.28984375 0.05 0.0890625
0 0.39765625 0.2 0.0203125 0.0390625
0 0.3125 0.21796875 0.0171875 0.0625
0 0.53515625 0.21953125 0.028125 0.0359375
0 0.77734375 0.16015625 0.0109375 0.01875
0 0.53203125 0.15859375 0.021875 0.0265625
0 0.73828125 0.08828125 0.015625 0.0265625
0 0.46015625 0.140625 0.0140625 0.0265625