0 0.60625 0.65859375 0.04375 0.1734375
0 0.80859375 0.64296875 0.0359375 0.1390625
0 0.3921875 0.66953125 0.05625 0.1796875
0 0.42265625 0.63359375 0.0375 0.16875
0 0.30546875 0.659375 0.0453125 0.1609375
0 0.6765625 0.60390625 0.01875 0.0859375
0 0.53125 0.63828125 0.040625 0.1640625
0 0.165625 0.61015625 0.0203125 0.1828125
0 0.24765625 0.625 0.04375 0.16875
0 0.82734375 0.590625 0.015625 0.0515625
0 0.6953125 0.59296875 0.021875 0.0546875
0 0.66015625 0.59765625 0.0109375 0.0625
0 0.65625 0.609375 0.0234375 0.0875