0 0.5015625 0.65546875 0.1 0.4953125
0 0.6125 0.73984375 0.1859375 0.3125
0 0.68828125 0.58046875 0.0328125 0.0734375
0 0.296875 0.61875 0.059375 0.13125
0 0.928125 0.55703125 0.0296875 0.0734375
0 0.30390625 0.696875 0.0890625 0.1296875
0 0.2546875 0.721875 0.0375 0.13125
0 0.02421875 0.659375 0.0046875 0.1703125
0 0.8328125 0.73984375 0.0515625 0.1859375
0 0.9546875 0.671875 0.090625 0.1609375
0 0.4296875 0.72421875 0.1046875 0.26875
0 0.11328125 0.66640625 0.053125 0.2515625
0 0.5953125 0.58671875 0.0203125 0.06875