0 0.58046875 0.65390625 0.2359375 0.6671875
0 0.075 0.2640625 0.0421875 0.128125
0 0.628125 0.296875 0.04375 0.1625
0 0.3234375 0.27890625 0.0390625 0.1203125
0 0.5171875 0.278125 0.0375 0.1296875
0 0.80703125 0.28515625 0.0453125 0.146875
0 0.95 0.29140625 0.0265625 0.115625
0 0.77109375 0.303125 0.0328125 0.1515625
0 0.7234375 0.27734375 0.0328125 0.125
0 0.03359375 0.2609375 0.0453125 0.153125
0 0.19375 0.2703125 0.028125 0.125
0 0.43203125 0.25390625 0.046875 0.0640625
0 0.38125 0.2640625 0.021875 0.121875