0 0.21328125 0.24609375 0.109375 0.2828125
0 0.73515625 0.359375 0.1796875 0.1671875
0 0.7859375 0.178125 0.103125 0.1640625
0 0.49609375 0.5578125 0.47109375 0.825
0 0.31640625 0.096875 0.0609375 0.0765625
0 0.1359375 0.10625 0.046875 0.0375
0 0.634375 0.259375 0.171875 0.2578125
0 0.6890625 0.15546875 0.09375 0.1578125
0 0.7078125 0.140625 0.053125 0.1328125
0 0.525 0.09375 0.0765625 0.0984375
0 0.4078125 0.08984375 0.075 0.0953125
0 0.10546875 0.22734375 0.1328125 0.2671875
0 0.08203125 0.31796875 0.1171875 0.2265625