0 0.1296875 0.91640625 0.084375 0.1640625
0 0.2546875 0.9 0.075 0.159375
0 0.3046875 0.9015625 0.0265625 0.1453125
0 0.31796875 0.8984375 0.0421875 0.159375
0 0.221875 0.871875 0.0265625 0.1109375
0 0.596875 0.8890625 0.359375 0.196875
0 0.3828125 0.8375 0.0203125 0.021875
0 0.20859375 0.84609375 0.01875 0.0640625
0 0.17109375 0.94375 0.0640625 0.1125
0 0.73359375 0.86953125 0.1859375 0.2328125
0 0.159375 0.82578125 0.0328125 0.06875
0 0.16640625 0.8765625 0.0171875 0.040625
0 0.071875 0.8953125 0.053125 0.209375