0 0.5453125 0.5828125 0.16875 0.3796875
0 0.23984375 0.52265625 0.0828125 0.1421875
0 0.0203125 0.459375 0.01875 0.0296875
0 0.06953125 0.45390625 0.0078125 0.0203125
0 0.10390625 0.46328125 0.015625 0.03125
0 0.271875 0.45234375 0.0078125 0.0140625
0 0.0828125 0.45625 0.0109375 0.0234375
0 0.0359375 0.45625 0.021875 0.01875
0 0.06015625 0.459375 0.0140625 0.021875
0 0.9171875 0.45234375 0.0109375 0.00625
0 0.90703125 0.4578125 0.0140625 0.0203125
0 0.0546875 0.45390625 0.0109375 0.021875
0 0.00546875 0.46171875 0.0109375 0.028125