0 0.74296875 0.89765625 0.040625 0.065625
0 0.98671875 0.8828125 0.0265625 0.1015625
0 0.55390625 0.88828125 0.053125 0.109375
0 0.81796875 0.88359375 0.03125 0.0359375
0 0.51484375 0.8875 0.0328125 0.103125
0 0.953125 0.88984375 0.0375 0.0765625
0 0.971875 0.90078125 0.0109375 0.040625
0 0.05546875 0.8984375 0.0328125 0.075
0 0.2796875 0.909375 0.0171875 0.0453125
0 0.25859375 0.9125 0.03125 0.0375
0 0.2296875 0.9 0.0390625 0.0515625
0 0.11015625 0.9171875 0.04375 0.0328125
0 0.04765625 0.91328125 0.0765625 0.0421875