0 0.28828125 0.7921875 0.0953125 0.415625
0 0.38203125 0.7953125 0.1015625 0.40625
0 0.625 0.74609375 0.0890625 0.2734375
0 0.46171875 0.56328125 0.0734375 0.1453125
0 0.5328125 0.5625 0.071875 0.15625
0 0.70078125 0.7234375 0.1078125 0.3515625
0 0.8734375 0.74296875 0.109375 0.4328125
0 0.1953125 0.6625 0.096875 0.4453125
0 0.2859375 0.5671875 0.09375 0.2171875
0 0.59140625 0.60546875 0.0890625 0.203125
0 0.36328125 0.5828125 0.075 0.2421875
0 0.77890625 0.71796875 0.1140625 0.4453125
0 0.4640625 0.79921875 0.0890625 0.3515625