0 0.49609375 0.803125 0.1546875 0.384375
0 0.64609375 0.72890625 0.165625 0.3359375
0 0.7 0.5578125 0.0875 0.1734375
0 0.375 0.57421875 0.0953125 0.2390625
0 0.7984375 0.51640625 0.0625 0.215625
0 0.27265625 0.625 0.115625 0.24375
0 0.16796875 0.86328125 0.240625 0.2734375
0 0.4640625 0.528125 0.0921875 0.1890625
0 0.534375 0.49296875 0.0875 0.1875
0 0.1171875 0.6609375 0.1234375 0.1921875
0 0.58515625 0.47421875 0.071875 0.1578125
0 0.68515625 0.42265625 0.0625 0.1015625
0 0.72109375 0.40390625 0.040625 0.125