0 0.14296875 0.228125 0.103125 0.121875
0 0.26015625 0.49609375 0.325 0.696875
0 0.3515625 0.23984375 0.11875 0.1625
0 0.71796875 0.49765625 0.38125 0.740625
0 0.77890625 0.19140625 0.0609375 0.0640625
0 0.47890625 0.29140625 0.0796875 0.2359375
0 0.0546875 0.27265625 0.103125 0.209375
0 0.115625 0.22421875 0.090625 0.1515625
0 0.41484375 0.2375 0.075 0.159375
0 0.07578125 0.18125 0.0390625 0.03125
0 0.4671875 0.1890625 0.0578125 0.0671875
0 0.53984375 0.29609375 0.103125 0.253125
0 0.603125 0.2015625 0.0609375 0.08125