0 0.8546875 0.134375 0.0625 0.2671875
0 0.51171875 0.653125 0.2671875 0.3890625
0 0.5359375 0.16953125 0.0421875 0.1875
0 0.25546875 0.2203125 0.0578125 0.196875
0 0.1875 0.21171875 0.0265625 0.0515625
0 0.76953125 0.10859375 0.0578125 0.103125
0 0.209375 0.2203125 0.021875 0.0234375
0 0.61171875 0.18046875 0.0328125 0.071875
0 0.7890625 0.0703125 0.0296875 0.09375
0 0.65078125 0.17578125 0.0375 0.090625
0 0.17421875 0.23046875 0.0171875 0.025
0 0.58984375 0.1578125 0.065625 0.1796875
0 0.096875 0.24375 0.065625 0.19765625
0 0.0609375 0.2421875 0.05078125 0.1859375
0 0.0265625 0.26015625 0.053125 0.1734375
0 0.96328125 0.1125 0.04296875 0.0484375
0 0.93359375 0.11640625 0.03828125 0.05390625