0 0.58359375 0.74609375 0.0078125 0.021875
0 0.5703125 0.7578125 0.0078125 0.0359375
0 0.53125 0.76015625 0.0125 0.0421875
0 0.5421875 0.75625 0.0078125 0.0421875
0 0.6234375 0.75625 0.0078125 0.0375
0 0.51328125 0.76015625 0.0109375 0.0421875
0 0.56171875 0.75625 0.0125 0.0375
0 0.54921875 0.7578125 0.00625 0.0453125
0 0.60234375 0.75078125 0.0078125 0.0328125
0 0.6125 0.75859375 0.009375 0.0453125
0 0.50078125 0.75859375 0.0109375 0.0546875
0 0.57734375 0.75390625 0.00625 0.0328125
0 0.64375 0.7578125 0.00625 0.0375