0 0.92421875 0.63046875 0.0375 0.140625
0 0.884375 0.6640625 0.028125 0.1734375
0 0.76796875 0.54921875 0.0234375 0.0984375
0 0.73984375 0.56796875 0.0234375 0.06875
0 0.68671875 0.55859375 0.04375 0.0796875
0 0.553125 0.50234375 0.0234375 0.0453125
0 0.27109375 0.66640625 0.0625 0.1765625
0 0.8 0.6546875 0.040625 0.14375
0 0.8109375 0.615625 0.0296875 0.1390625
0 0.8703125 0.54921875 0.0265625 0.0953125
0 0.834375 0.70390625 0.0515625 0.10625
0 0.925 0.546875 0.03125 0.075
0 0.475 0.52421875 0.01875 0.0828125