0 0.34921875 0.5421875 0.1984375 0.4625
0 0.6625 0.64609375 0.2046875 0.3171875
0 0.77109375 0.61015625 0.1703125 0.4
0 0.371875 0.22109375 0.0640625 0.2296875
0 0.71953125 0.1859375 0.0375 0.1
0 0.06953125 0.10546875 0.03125 0.128125
0 0.3125 0.14140625 0.021875 0.071875
0 0.5890625 0.09375 0.021875 0.025
0 0.615625 0.03984375 0.01875 0.0390625
0 0.925 0.1078125 0.0140625 0.0296875
0 0.24609375 0.06171875 0.0234375 0.028125
0 0.7140625 0.10859375 0.0234375 0.0515625
0 0.31015625 0.0734375 0.01875 0.025