0 0.50703125 0.50703125 0.196875 0.9703125
0 0.68359375 0.2953125 0.1015625 0.353125
0 0.640625 0.57734375 0.1390625 0.3015625
0 0.24375 0.4609375 0.128125 0.4125
0 0.4046875 0.0359375 0.04375 0.071875
0 0.30234375 0.28203125 0.0703125 0.1609375
0 0.4578125 0.2 0.053125 0.1546875
0 0.2671875 0.19296875 0.0578125 0.165625
0 0.028125 0.30078125 0.0546875 0.3296875
0 0.59140625 0.546875 0.084375 0.2203125
0 0.93359375 0.3609375 0.1046875 0.071875
0 0.94375 0.6390625 0.1125 0.3796875
0 0.82421875 0.621875 0.253125 0.3109375