0 0.42578125 0.5171875 0.146875 0.790625
0 0.6609375 0.33828125 0.0203125 0.0765625
0 0.68359375 0.33359375 0.028125 0.0890625
0 0.19453125 0.33671875 0.015625 0.0671875
0 0.79921875 0.334375 0.0171875 0.078125
0 0.959375 0.30703125 0.0375 0.090625
0 0.70859375 0.340625 0.0171875 0.078125
0 0.05234375 0.21484375 0.0125 0.025
0 0.04921875 0.2765625 0.0109375 0.053125
0 0.8671875 0.3375 0.015625 0.0703125
0 0.75390625 0.32109375 0.0203125 0.1078125
0 0.8296875 0.33125 0.021875 0.090625
0 0.06328125 0.30078125 0.00625 0.01875