0 0.334375 0.496875 0.1546875 0.984375
0 0.5046875 0.4953125 0.075 0.128125
0 0.803125 0.0953125 0.0765625 0.140625
0 0.16875 0.49140625 0.053125 0.1140625
0 0.1671875 0.45078125 0.0828125 0.1578125
0 0.93515625 0.49375 0.0734375 0.134375
0 0.559375 0.2625 0.078125 0.20625
0 0.75625 0.2703125 0.0671875 0.146875
0 0.92109375 0.2265625 0.059375 0.1515625
0 0.57421875 0.51328125 0.0421875 0.08125
0 0.7140625 0.28046875 0.034375 0.1765625
0 0.7234375 0.08046875 0.075 0.14375
0 0.659375 0.32421875 0.05 0.125