0 0.478125 0.41328125 0.1 0.2421875
0 0.40078125 0.43671875 0.0671875 0.2265625
0 0.3359375 0.4234375 0.08125 0.196875
0 0.2734375 0.43046875 0.0796875 0.203125
0 0.19765625 0.43515625 0.078125 0.209375
0 0.13671875 0.58359375 0.121875 0.4359375
0 0.6640625 0.4125 0.0921875 0.2125
0 0.34609375 0.6421875 0.1234375 0.3421875
0 0.85234375 0.5953125 0.153125 0.35625
0 0.73984375 0.39921875 0.0703125 0.190625
0 0.75625 0.60234375 0.1265625 0.35
0 0.6515625 0.6046875 0.1234375 0.3421875
0 0.44453125 0.6375 0.1078125 0.359375