0 0.51640625 0.44765625 0.3578125 0.646875
0 0.1203125 0.2546875 0.10625 0.3953125
0 0.9609375 0.07109375 0.028125 0.0421875
0 0.21640625 0.2453125 0.0828125 0.3859375
0 0.51796875 0.1046875 0.046875 0.1109375
0 0.63671875 0.1578125 0.071875 0.2046875
0 0.79921875 0.2609375 0.08125 0.3359375
0 0.86015625 0.2671875 0.1046875 0.30625
0 0.94453125 0.30234375 0.0890625 0.353125
0 0.4390625 0.14375 0.065625 0.1625
0 0.73984375 0.26015625 0.0859375 0.3828125
0 0.45234375 0.27421875 0.084375 0.175
0 0.31640625 0.0984375 0.03125 0.0703125