0 0.52734375 0.39140625 0.15625 0.3
0 0.8109375 0.603125 0.378125 0.6359375
0 0.3578125 0.61015625 0.228125 0.5671875
0 0.6171875 0.72109375 0.2859375 0.31875
0 0.49453125 0.65703125 0.1734375 0.2984375
0 0.64921875 0.40234375 0.10625 0.3703125
0 0.9359375 0.38515625 0.128125 0.35625
0 0.28203125 0.5 0.1390625 0.4984375
0 0.23203125 0.390625 0.0921875 0.3203125
0 0.85078125 0.309375 0.1 0.1453125
0 0.440625 0.46875 0.0734375 0.3328125
0 0.059375 0.734375 0.11875 0.50625
0 0.21171875 0.62890625 0.078125 0.2078125