0 0.54140625 0.22421875 0.028125 0.059375
0 0.05859375 0.228125 0.0203125 0.053125
0 0.09140625 0.22734375 0.0203125 0.0515625
0 0.11171875 0.2390625 0.0140625 0.028125
0 0.63125 0.2265625 0.034375 0.0640625
0 0.18125 0.2234375 0.015625 0.04375
0 0.7078125 0.225 0.034375 0.06875
0 0.67578125 0.221875 0.0265625 0.06875
0 0.73125 0.2203125 0.01875 0.065625
0 0.7203125 0.20546875 0.0125 0.0328125
0 0.7625 0.21171875 0.0140625 0.0421875
0 0.77734375 0.21953125 0.025 0.0546875
0 0.79140625 0.20625 0.0140625 0.021875
0 0.01796875 0.22421875 0.0328125 0.059375