0 0.6734375 0.56640625 0.1078125 0.40625
0 0.06953125 0.5125 0.0796875 0.1796875
0 0.16015625 0.490625 0.075 0.13125
0 0.25546875 0.4015625 0.0625 0.159375
0 0.84765625 0.37265625 0.096875 0.3453125
0 0.365625 0.38203125 0.040625 0.09375
0 0.3671875 0.31796875 0.021875 0.034375
0 0.478125 0.24296875 0.0546875 0.1265625
0 0.94140625 0.30859375 0.0421875 0.140625
0 0.965625 0.26953125 0.0296875 0.0984375
0 0.76015625 0.41484375 0.065625 0.2515625
0 0.71875 0.30234375 0.0609375 0.140625
0 0.10703125 0.47421875 0.040625 0.1734375