0 0.3765625 0.5375 0.1765625 0.58125
0 0.5515625 0.54453125 0.1984375 0.578125
0 0.3109375 0.1671875 0.0078125 0.028125
0 0.3734375 0.178125 0.00625 0.034375
0 0.2890625 0.171875 0.0078125 0.04375
0 0.09453125 0.1875 0.01875 0.05625
0 0.51953125 0.1625 0.0046875 0.025
0 0.24375 0.171875 0.00625 0.034375
0 0.3625 0.1765625 0.0125 0.0421875
0 0.96796875 0.15234375 0.0078125 0.015625
0 0.47265625 0.1671875 0.0078125 0.01875
0 0.65 0.159375 0.00625 0.015625
0 0.6515625 0.16171875 0.0046875 0.0203125