0 0.8109375 0.8515625 0.0546875 0.1640625
0 0.375 0.834375 0.0421875 0.1640625
0 0.6984375 0.79140625 0.015625 0.0640625
0 0.65390625 0.80625 0.0359375 0.0796875
0 0.73515625 0.78828125 0.021875 0.0796875
0 0.96328125 0.80859375 0.0265625 0.071875
0 0.45859375 0.8015625 0.0234375 0.0921875
0 0.33359375 0.778125 0.01875 0.06875
0 0.4015625 0.78515625 0.015625 0.075
0 0.4203125 0.77265625 0.0171875 0.0515625
0 0.94921875 0.81484375 0.0140625 0.0625
0 0.11015625 0.7578125 0.015625 0.06875
0 0.19453125 0.7609375 0.0171875 0.065625