0 0.1953125 0.24375 0.025 0.05
0 0.30625 0.2859375 0.0296875 0.078125
0 0.62421875 0.35859375 0.053125 0.0984375
0 0.54765625 0.25390625 0.0625 0.103125
0 0.54375 0.7015625 0.1859375 0.390625
0 0.271875 0.74921875 0.1859375 0.321875
0 0.24609375 0.38125 0.05625 0.0828125
0 0.4625 0.371875 0.0671875 0.0921875
0 0.028125 0.61171875 0.034375 0.13125
0 0.43984375 0.58359375 0.096875 0.190625
0 0.18671875 0.675 0.0515625 0.0515625
0 0.77421875 0.13203125 0.046875 0.06875
0 0.065625 0.63515625 0.05625 0.103125