0 0.90703125 0.5109375 0.134375 0.3171875
0 0.13046875 0.54921875 0.1046875 0.278125
0 0.43359375 0.540625 0.625 0.6984375
0 0.70546875 0.54453125 0.1828125 0.3671875
0 0.74921875 0.50625 0.0671875 0.2234375
0 0.81171875 0.5109375 0.046875 0.1359375
0 0.28046875 0.521875 0.1171875 0.278125
0 0.06796875 0.54375 0.08125 0.3296875
0 0.75859375 0.453125 0.0609375 0.1203125
0 0.215625 0.546875 0.06875 0.159375
0 0.834375 0.478125 0.0265625 0.078125
0 0.60859375 0.4265625 0.0328125 0.0890625
0 0.35859375 0.521875 0.046875 0.1125