0 0.16640625 0.58203125 0.3328125 0.8359375
0 0.73046875 0.5625 0.1515625 0.6640625
0 0.4421875 0.628125 0.140625 0.3390625
0 0.5765625 0.8015625 0.2703125 0.375
0 0.42890625 0.40546875 0.0875 0.2328125
0 0.503125 0.45 0.065625 0.36875
0 0.47109375 0.353125 0.05 0.196875
0 0.59375 0.4109375 0.1015625 0.43125
0 0.38046875 0.3734375 0.0421875 0.178125
0 0.49375 0.703125 0.215625 0.371875
0 0.378125 0.6390625 0.09375 0.4
0 0.26640625 0.39453125 0.0703125 0.24375
0 0.8625 0.578125 0.1359375 0.5421875