0 0.471875 0.840625 0.090625 0.2859375
0 0.80625 0.8515625 0.0625 0.26875
0 0.86640625 0.58203125 0.028125 0.1171875
0 0.94609375 0.5265625 0.025 0.0953125
0 0.79453125 0.64765625 0.034375 0.1828125
0 0.8375 0.59609375 0.028125 0.165625
0 0.51796875 0.66640625 0.053125 0.1984375
0 0.92109375 0.51953125 0.0296875 0.109375
0 0.58203125 0.5515625 0.025 0.1078125
0 0.97265625 0.503125 0.021875 0.0796875
0 0.765625 0.953125 0.053125 0.09375
0 0.80703125 0.75078125 0.0640625 0.1453125
0 0.884375 0.55390625 0.0125 0.071875