0 0.12109375 0.76640625 0.0390625 0.115625
0 0.06875 0.71015625 0.0203125 0.021875
0 0.05703125 0.7671875 0.03125 0.096875
0 0.13203125 0.7234375 0.0234375 0.034375
0 0.17265625 0.753125 0.0484375 0.13125
0 0.7 0.728125 0.0171875 0.04375
0 0.70234375 0.70546875 0.0140625 0.015625
0 0.08828125 0.76171875 0.0359375 0.1015625
0 0.03046875 0.75703125 0.0359375 0.0984375
0 0.05234375 0.7125 0.025 0.0265625
0 0.06796875 0.7265625 0.01875 0.0203125
0 0.68203125 0.7296875 0.025 0.04375
0 0.97578125 0.75390625 0.0484375 0.2734375