0 0.80625 0.61953125 0.121875 0.6109375
0 0.703125 0.61875 0.1046875 0.546875
0 0.59765625 0.59140625 0.125 0.5453125
0 0.03671875 0.6 0.0734375 0.5234375
0 0.2421875 0.628125 0.1265625 0.5140625
0 0.08828125 0.63046875 0.1453125 0.578125
0 0.6421875 0.37109375 0.0609375 0.1625
0 0.5375 0.40390625 0.08125 0.171875
0 0.428125 0.409375 0.0515625 0.13125
0 0.3859375 0.6140625 0.109375 0.471875
0 0.92421875 0.64453125 0.134375 0.653125
0 0.740625 0.3859375 0.0609375 0.153125
0 0.76875 0.55390625 0.2546875 0.5375