0 0.590625 0.353125 0.0765625 0.13125
0 0.35546875 0.32890625 0.05 0.0734375
0 0.19140625 0.77578125 0.38125 0.4046875
0 0.153125 0.42890625 0.1953125 0.159375
0 0.165625 0.4234375 0.2484375 0.29375
0 0.8 0.64921875 0.30625 0.65625
0 0.559375 0.384375 0.1140625 0.165625
0 0.39609375 0.49296875 0.20625 0.325
0 0.696875 0.27578125 0.05625 0.096875
0 0.19296875 0.31640625 0.08125 0.103125
0 0.175 0.51640625 0.125 0.0796875
0 0.52578125 0.31015625 0.0890625 0.1421875
0 0.90078125 0.3234375 0.0421875 0.08125