0 0.53203125 0.5546875 0.46875 0.25625
0 0.190625 0.5140625 0.3328125 0.35
0 0.38203125 0.3421875 0.15 0.259375
0 0.5609375 0.3 0.1140625 0.1859375
0 0.803125 0.17265625 0.078125 0.0734375
0 0.93515625 0.29765625 0.1296875 0.1296875
0 0.14765625 0.10703125 0.0921875 0.06875
0 0.92734375 0.1390625 0.071875 0.0796875
0 0.85859375 0.1203125 0.0375 0.06875
0 0.8890625 0.17421875 0.1 0.071875
0 0.83828125 0.1453125 0.0640625 0.078125
0 0.74296875 0.2203125 0.0921875 0.1453125
0 0.5671875 0.26015625 0.1046875 0.165625