0 0.5609375 0.609375 0.0625 0.19375
0 0.28828125 0.696875 0.084375 0.2515625
0 0.14921875 0.77265625 0.15 0.3328125
0 0.47578125 0.69453125 0.0515625 0.2484375
0 0.63046875 0.63046875 0.059375 0.1453125
0 0.66953125 0.7375 0.0875 0.1546875
0 0.784375 0.61171875 0.0640625 0.1703125
0 0.93671875 0.66953125 0.05 0.1015625
0 0.7234375 0.63359375 0.078125 0.1671875
0 0.41015625 0.725 0.0765625 0.2796875
0 0.44375 0.69765625 0.0578125 0.2203125
0 0.66796875 0.62578125 0.0328125 0.1109375
0 0.73203125 0.62109375 0.025 0.1625