0 0.2078125 0.69140625 0.3 0.5921875
0 0.0828125 0.73828125 0.1015625 0.5
0 0.72421875 0.7453125 0.0796875 0.421875
0 0.83671875 0.53984375 0.0296875 0.075
0 0.55234375 0.5 0.009375 0.040625
0 0.440625 0.4984375 0.0109375 0.03125
0 0.4046875 0.74375 0.1015625 0.5078125
0 0.28984375 0.52265625 0.0171875 0.0796875
0 0.2796875 0.509375 0.0109375 0.05625
0 0.115625 0.49296875 0.0125 0.0375
0 0.55546875 0.70859375 0.0546875 0.4015625
0 0.628125 0.6859375 0.0578125 0.28125
0 0.80703125 0.67421875 0.0875 0.3515625