0 0.7953125 0.70078125 0.0125 0.0390625
0 0.690625 0.6890625 0.009375 0.0375
0 0.67109375 0.6921875 0.0109375 0.034375
0 0.65390625 0.6921875 0.0078125 0.034375
0 0.63984375 0.68984375 0.0078125 0.0328125
0 0.584375 0.69140625 0.0140625 0.046875
0 0.59375 0.69375 0.0078125 0.0375
0 0.415625 0.6859375 0.0046875 0.0234375
0 0.36640625 0.6921875 0.00625 0.028125
0 0.4609375 0.68984375 0.0046875 0.025
0 0.49140625 0.68515625 0.0078125 0.028125
0 0.4046875 0.6875 0.0046875 0.01875
0 0.4765625 0.6703125 0.003125 0.015625