0 0.82265625 0.62109375 0.090625 0.24375
0 0.25078125 0.7453125 0.134375 0.30625
0 0.4078125 0.5171875 0.025 0.028125
0 0.42734375 0.52265625 0.0390625 0.0390625
0 0.359375 0.53125 0.0375 0.0328125
0 0.15625 0.69921875 0.1359375 0.10625
0 0.20390625 0.56015625 0.0375 0.04375
0 0.37421875 0.5203125 0.028125 0.034375
0 0.93828125 0.471875 0.0203125 0.0390625
0 0.85703125 0.5390625 0.040625 0.0421875
0 0.94296875 0.5046875 0.0328125 0.0375
0 0.9859375 0.50234375 0.0234375 0.0328125
0 0.69375 0.47890625 0.0328125 0.0703125