0 0.9671875 0.15 0.015625 0.0375
0 0.45625 0.49140625 0.1765625 0.4359375
0 0.634375 0.3671875 0.1375 0.546875
0 0.74375 0.5296875 0.41875 0.915625
0 0.02734375 0.265625 0.053125 0.1765625
0 0.0734375 0.2125 0.05625 0.0984375
0 0.9640625 0.215625 0.071875 0.09375
0 0.93125 0.184375 0.0390625 0.0609375
0 0.14609375 0.19375 0.0640625 0.0890625
0 0.1359375 0.07421875 0.025 0.0640625
0 0.46953125 0.21796875 0.0984375 0.0921875
0 0.09296875 0.17265625 0.0375 0.0875
0 0.53671875 0.2171875 0.0515625 0.09375