0 0.52109375 0.715625 0.1125 0.5578125
0 0.57734375 0.553125 0.0359375 0.096875
0 0.91953125 0.5375 0.0375 0.053125
0 0.33125 0.66640625 0.0765625 0.3640625
0 0.63359375 0.56953125 0.0328125 0.0609375
0 0.66953125 0.584375 0.025 0.0359375
0 0.59921875 0.546875 0.0359375 0.1140625
0 0.66328125 0.546875 0.0234375 0.0421875
0 0.95 0.6140625 0.0453125 0.1140625
0 0.86484375 0.57890625 0.0546875 0.1609375
0 0.85859375 0.46640625 0.0328125 0.046875
0 0.41484375 0.53046875 0.01875 0.03125
0 0.98359375 0.61796875 0.0328125 0.1