0 0.32578125 0.75859375 0.0671875 0.23125
0 0.27265625 0.7671875 0.05625 0.20625
0 0.171875 0.8140625 0.06875 0.2875
0 0.425 0.71328125 0.0328125 0.1171875
0 0.38671875 0.7109375 0.025 0.121875
0 0.64140625 0.69765625 0.0234375 0.0953125
0 0.35 0.73515625 0.0171875 0.1421875
0 0.12421875 0.8046875 0.090625 0.2578125
0 0.45390625 0.67421875 0.021875 0.0484375
0 0.8234375 0.66171875 0.021875 0.0390625
0 0.49375 0.68046875 0.01875 0.0515625
0 0.075 0.678125 0.0140625 0.0484375
0 0.5078125 0.6640625 0.003125 0.0046875
0 0.87578125 0.4328125 0.19765625 0.2203125