0 0.88203125 0.659375 0.025 0.0296875
0 0.903125 0.6640625 0.0171875 0.01875
0 0.18671875 0.63125 0.0109375 0.0078125
0 0.19921875 0.6296875 0.0171875 0.009375
0 0.23359375 0.6078125 0.0421875 0.0234375
0 0.11328125 0.62109375 0.0171875 0.0265625
0 0.21875 0.64765625 0.0125 0.009375
0 0.478125 0.60859375 0.0140625 0.0234375
0 0.315625 0.6109375 0.0125 0.0171875
0 0.05 0.90859375 0.05625 0.0859375
0 0.40234375 0.73828125 0.0265625 0.0453125
0 0.109375 0.65703125 0.0140625 0.021875
0 0.265625 0.61015625 0.0203125 0.01875