0 0.4359375 0.51328125 0.7734375 0.81875
0 0.303125 0.20546875 0.04375 0.090625
0 0.8046875 0.2109375 0.071875 0.0640625
0 0.43359375 0.15546875 0.096875 0.08125
0 0.36171875 0.23046875 0.0640625 0.125
0 0.74765625 0.2046875 0.046875 0.084375
0 0.1953125 0.22421875 0.08125 0.071875
0 0.5078125 0.24296875 0.0484375 0.115625
0 0.11328125 0.2296875 0.0921875 0.121875
0 0.071875 0.22265625 0.065625 0.1515625
0 0.8765625 0.20703125 0.06875 0.06875
0 0.1921875 0.2734375 0.0796875 0.053125
0 0.409375 0.23671875 0.0921875 0.1265625