0 0.50390625 0.5578125 0.1625 0.5625
0 0.71953125 0.571875 0.1375 0.5421875
0 0.93125 0.41171875 0.01875 0.065625
0 0.41015625 0.5390625 0.121875 0.4796875
0 0.253125 0.47109375 0.0625 0.321875
0 0.13046875 0.49296875 0.1265625 0.4703125
0 0.88203125 0.51640625 0.10625 0.4015625
0 0.71015625 0.14140625 0.028125 0.09375
0 0.68828125 0.12890625 0.0328125 0.0796875
0 0.22578125 0.22734375 0.028125 0.0796875
0 0.45546875 0.18125 0.03125 0.096875
0 0.80859375 0.403125 0.0390625 0.0796875
0 0.4203125 0.1609375 0.034375 0.0640625