0 0.596875 0.27734375 0.24375 0.278125
0 0.884375 0.30078125 0.175 0.2453125
0 0.14609375 0.21015625 0.1921875 0.25625
0 0.42734375 0.2796875 0.1546875 0.2703125
0 0.815625 0.2546875 0.0796875 0.2125
0 0.3203125 0.25390625 0.1046875 0.1859375
0 0.28515625 0.13828125 0.0515625 0.0359375
0 0.91796875 0.17734375 0.140625 0.1140625
0 0.5359375 0.1703125 0.0953125 0.084375
0 0.72421875 0.24375 0.146875 0.2421875
0 0.22421875 0.2328125 0.0953125 0.1921875
0 0.27890625 0.1859375 0.0671875 0.0765625
0 0.34453125 0.18203125 0.028125 0.046875