0 0.371875 0.55078125 0.2984375 0.5953125
0 0.5359375 0.5015625 0.06875 0.190625
0 0.58828125 0.51328125 0.0671875 0.1671875
0 0.6296875 0.5109375 0.0609375 0.178125
0 0.13515625 0.390625 0.0875 0.1546875
0 0.7796875 0.525 0.078125 0.18125
0 0.8203125 0.51875 0.0640625 0.1671875
0 0.71875 0.5515625 0.040625 0.0984375
0 0.93125 0.53046875 0.0609375 0.15
0 0.8984375 0.46015625 0.05625 0.0890625
0 0.2703125 0.28125 0.0171875 0.028125
0 0.2546875 0.4953125 0.1265625 0.259375
0 0.05703125 0.55390625 0.1140625 0.325