0 0.37265625 0.4109375 0.0453125 0.0328125
0 0.39140625 0.38359375 0.0453125 0.046875
0 0.32109375 0.375 0.05 0.0421875
0 0.32578125 0.41015625 0.0484375 0.0328125
0 0.28515625 0.35625 0.0515625 0.04375
0 0.240625 0.371875 0.05625 0.0453125
0 0.23359375 0.31953125 0.0421875 0.0359375
0 0.29140625 0.40859375 0.0421875 0.0296875
0 0.27734375 0.3984375 0.0328125 0.0390625
0 0.16875 0.39296875 0.0375 0.03125
0 0.09140625 0.3984375 0.0390625 0.0453125
0 0.053125 0.384375 0.0171875 0.0140625
0 0.63671875 0.70234375 0.525 0.5421875