0 0.140625 0.44921875 0.14375 0.2734375
0 0.7140625 0.37578125 0.13125 0.41875
0 0.8640625 0.14296875 0.1421875 0.234375
0 0.984375 0.2140625 0.03125 0.1921875
0 0.3015625 0.69921875 0.1296875 0.1828125
0 0.0453125 0.70859375 0.0875 0.1640625
0 0.11328125 0.20703125 0.1109375 0.203125
0 0.11015625 0.32421875 0.1171875 0.2453125
0 0.20078125 0.359375 0.1109375 0.1328125
0 0.23046875 0.16484375 0.1546875 0.19375
0 0.52109375 0.5140625 0.3796875 0.971875
0 0.0421875 0.47109375 0.084375 0.221875
0 0.82578125 0.3171875 0.1375 0.31875