0 0.09921875 0.5640625 0.0890625 0.346875
0 0.17734375 0.578125 0.075 0.321875
0 0.259375 0.56171875 0.084375 0.3359375
0 0.32578125 0.50390625 0.06875 0.175
0 0.425 0.57421875 0.084375 0.3484375
0 0.0984375 0.49296875 0.0625 0.171875
0 0.61015625 0.56953125 0.0875 0.3234375
0 0.69140625 0.57421875 0.08125 0.29375
0 0.81328125 0.596875 0.0875 0.359375
0 0.90234375 0.60703125 0.0984375 0.3515625
0 0.753125 0.60390625 0.0578125 0.3078125
0 0.33984375 0.653125 0.1015625 0.24375
0 0.53828125 0.58203125 0.08125 0.3359375