0 0.534375 0.365625 0.025 0.0515625
0 0.18515625 0.58046875 0.0390625 0.04375
0 0.23671875 0.57421875 0.0359375 0.0359375
0 0.2875 0.57578125 0.0421875 0.0375
0 0.359375 0.57109375 0.015625 0.0296875
0 0.528125 0.56640625 0.025 0.0296875
0 0.32421875 0.359375 0.03125 0.075
0 0.76796875 0.56328125 0.028125 0.0359375
0 0.7203125 0.5625 0.0234375 0.03125
0 0.45546875 0.36875 0.0203125 0.0546875
0 0.67109375 0.5625 0.025 0.0296875
0 0.61015625 0.565625 0.01875 0.0296875
0 0.89296875 0.27265625 0.028125 0.1125