0 0.51328125 0.44140625 0.63125 0.875
0 0.68125 0.50078125 0.0203125 0.1125
0 0.66953125 0.52265625 0.009375 0.0265625
0 0.35546875 0.61328125 0.071875 0.1546875
0 0.765625 0.528125 0.028125 0.0625
0 0.79453125 0.53125 0.015625 0.0203125
0 0.96875 0.51328125 0.0171875 0.0453125
0 0.89609375 0.51796875 0.0125 0.04375
0 0.08125 0.584375 0.05 0.1109375
0 0.7046875 0.52421875 0.0125 0.025
0 0.7296875 0.52734375 0.0109375 0.0265625
0 0.05703125 0.53828125 0.01875 0.0453125
0 0.94375 0.51484375 0.009375 0.0234375