0 0.38359375 0.584375 0.175 0.734375
0 0.85078125 0.14453125 0.025 0.06875
0 0.15078125 0.23125 0.0421875 0.1921875
0 0.87578125 0.57734375 0.196875 0.7375
0 0.625 0.23359375 0.0359375 0.1875
0 0.2578125 0.221875 0.04375 0.20625
0 0.6984375 0.234375 0.040625 0.1703125
0 0.7328125 0.221875 0.040625 0.203125
0 0.76171875 0.234375 0.0296875 0.1734375
0 0.3921875 0.22421875 0.05 0.1828125
0 0.2625 0.55234375 0.190625 0.3296875
0 0.18671875 0.23125 0.04375 0.1890625
0 0.22109375 0.23671875 0.0421875 0.16875