0 0.665625 0.5234375 0.1015625 0.3875
0 0.31640625 0.57578125 0.01875 0.0859375
0 0.30234375 0.571875 0.0171875 0.0984375
0 0.2875 0.57421875 0.015625 0.0859375
0 0.25390625 0.57890625 0.0203125 0.0859375
0 0.36875 0.5375 0.0125 0.0515625
0 0.4 0.54296875 0.0078125 0.0328125
0 0.45078125 0.53828125 0.009375 0.0328125
0 0.440625 0.54453125 0.0078125 0.028125
0 0.42734375 0.540625 0.0109375 0.034375
0 0.19140625 0.5859375 0.025 0.0625
0 0.58515625 0.13046875 0.0375 0.1625
0 0.41328125 0.53359375 0.01875 0.053125