0 0.490625 0.8546875 0.0828125 0.1875
0 0.90234375 0.79140625 0.06875 0.059375
0 0.28984375 0.8171875 0.065625 0.1375
0 0.25625 0.83984375 0.1078125 0.203125
0 0.7171875 0.846875 0.115625 0.21875
0 0.32890625 0.6046875 0.028125 0.0515625
0 0.2734375 0.7265625 0.0359375 0.0046875
0 0.2203125 0.64296875 0.0265625 0.0515625
0 0.92109375 0.84921875 0.096875 0.140625
0 0.375 0.84453125 0.10625 0.2015625
0 0.05859375 0.78359375 0.0609375 0.078125
0 0.11875 0.84296875 0.0703125 0.184375
0 0.96484375 0.86875 0.0703125 0.14375