0 0.3421875 0.53203125 0.1015625 0.4046875
0 0.49375 0.5171875 0.121875 0.3703125
0 0.77265625 0.4109375 0.1 0.2171875
0 0.23671875 0.45546875 0.05625 0.1703125
0 0.04921875 0.5578125 0.0625 0.5109375
0 0.27734375 0.365625 0.06875 0.128125
0 0.3953125 0.40625 0.059375 0.175
0 0.5 0.36796875 0.06875 0.11875
0 0.6453125 0.43203125 0.10625 0.175
0 0.88203125 0.4109375 0.11875 0.1703125
0 0.9546875 0.453125 0.090625 0.2765625
0 0.7359375 0.40234375 0.0796875 0.175
0 0.1140625 0.54453125 0.109375 0.4125