0 0.42265625 0.57421875 0.2734375 0.5953125
0 0.953125 0.66484375 0.09375 0.4453125
0 0.51875 0.3125 0.0796875 0.1546875
0 0.8203125 0.71640625 0.2234375 0.4234375
0 0.15859375 0.215625 0.1125 0.2453125
0 0.3546875 0.296875 0.090625 0.1515625
0 0.72734375 0.34296875 0.1 0.16875
0 0.58984375 0.31875 0.0828125 0.1609375
0 0.6140625 0.20546875 0.0828125 0.1390625
0 0.4140625 0.29765625 0.046875 0.125
0 0.0515625 0.19765625 0.1 0.2609375
0 0.11171875 0.11484375 0.0328125 0.0609375
0 0.0671875 0.16875 0.0390625 0.0484375