0 0.8 0.878125 0.025 0.0796875
0 0.89375 0.86796875 0.0234375 0.0703125
0 0.92265625 0.86640625 0.021875 0.06875
0 0.93828125 0.86953125 0.0109375 0.0609375
0 0.9859375 0.86875 0.0203125 0.06875
0 0.74375 0.84296875 0.0078125 0.0234375
0 0.67109375 0.809375 0.0140625 0.0328125
0 0.53828125 0.86484375 0.01875 0.0609375
0 0.4296875 0.85546875 0.0125 0.0453125
0 0.8078125 0.8625 0.0078125 0.0359375
0 0.73125 0.834375 0.0046875 0.0140625
0 0.459375 0.86640625 0.0125 0.0171875
0 0.7140625 0.84140625 0.0078125 0.025