0 0.4609375 0.50390625 0.321875 0.8234375
0 0.1359375 0.56484375 0.25 0.846875
0 0.7296875 0.315625 0.1046875 0.353125
0 0.84453125 0.2234375 0.028125 0.0546875
0 0.82109375 0.24453125 0.028125 0.05625
0 0.29453125 0.4515625 0.0640625 0.4046875
0 0.8015625 0.3796875 0.0453125 0.30625
0 0.20625 0.453125 0.071875 0.4125
0 0.3515625 0.30859375 0.034375 0.10625
0 0.2546875 0.2953125 0.040625 0.1109375
0 0.96015625 0.371875 0.040625 0.2375
0 0.55859375 0.19609375 0.0984375 0.18125
0 0.39453125 0.27890625 0.025 0.05