0 0.15546875 0.78828125 0.0546875 0.196875
0 0.08515625 0.5875 0.021875 0.0375
0 0.0890625 0.74609375 0.0328125 0.26875
0 0.025 0.81875 0.05 0.2578125
0 0.075 0.66015625 0.059375 0.1546875
0 0.15078125 0.6625 0.05625 0.128125
0 0.13125 0.61484375 0.034375 0.0953125
0 0.11015625 0.64140625 0.0296875 0.1328125
0 0.18828125 0.61328125 0.03125 0.0953125
0 0.1171875 0.79609375 0.0359375 0.1796875
0 0.01328125 0.790625 0.0265625 0.2640625
0 0.025 0.68515625 0.05 0.159375
0 0.2109375 0.60390625 0.0125 0.04375