0 0.565625 0.78203125 0.1390625 0.234375
0 0.93203125 0.76484375 0.05625 0.13125
0 0.20703125 0.740625 0.1328125 0.31875
0 0.04375 0.73984375 0.0859375 0.1796875
0 0.13046875 0.7390625 0.0671875 0.1046875
0 0.446875 0.75390625 0.0453125 0.11875
0 0.33828125 0.771875 0.05625 0.071875
0 0.7890625 0.7640625 0.0828125 0.1
0 0.615625 0.81875 0.0953125 0.134375
0 0.08828125 0.73203125 0.034375 0.115625
0 0.29296875 0.753125 0.03125 0.05
0 0.72109375 0.7859375 0.090625 0.0953125
0 0.49296875 0.7421875 0.03125 0.0859375