0 0.7234375 0.71015625 0.0703125 0.3234375
0 0.8359375 0.63359375 0.03125 0.0578125
0 0.86171875 0.646875 0.0203125 0.0859375
0 0.89765625 0.61875 0.01875 0.05
0 0.92109375 0.61875 0.0171875 0.0484375
0 0.95234375 0.76796875 0.0953125 0.4421875
0 0.1515625 0.70234375 0.06875 0.1296875
0 0.09921875 0.69765625 0.0625 0.1390625
0 0.81796875 0.63984375 0.0171875 0.0515625
0 0.78046875 0.646875 0.0203125 0.0484375
0 0.90703125 0.62578125 0.0171875 0.04375
0 0.79921875 0.63671875 0.028125 0.0734375
0 0.87734375 0.70546875 0.0234375 0.08125