0 0.778125 0.47421875 0.01875 0.0203125
0 0.91953125 0.5171875 0.028125 0.10625
0 0.95390625 0.628125 0.0578125 0.23125
0 0.88125 0.5140625 0.01875 0.103125
0 0.740625 0.5203125 0.0296875 0.121875
0 0.7140625 0.46796875 0.01875 0.0375
0 0.83828125 0.47421875 0.0171875 0.0140625
0 0.86796875 0.5046875 0.0265625 0.0984375
0 0.953125 0.4921875 0.0375 0.05625
0 0.82734375 0.465625 0.0171875 0.0296875
0 0.98984375 0.55625 0.0203125 0.1734375
0 0.9734375 0.5125 0.0203125 0.06875
0 0.7625 0.47734375 0.015625 0.0171875