0 0.38984375 0.51015625 0.040625 0.03125
0 0.23203125 0.46171875 0.0203125 0.0734375
0 0.2140625 0.45859375 0.0140625 0.0671875
0 0.20234375 0.46796875 0.0140625 0.0578125
0 0.1671875 0.46015625 0.0171875 0.06875
0 0.11015625 0.45703125 0.0234375 0.0734375
0 0.1 0.459375 0.0140625 0.0578125
0 0.08203125 0.46015625 0.015625 0.0546875
0 0.2734375 0.428125 0.0078125 0.025
0 0.1328125 0.4625 0.01875 0.0625
0 0.26328125 0.41796875 0.009375 0.0296875
0 0.246875 0.43046875 0.0109375 0.0296875
0 0.1796875 0.459375 0.0109375 0.0640625