0 0.7 0.4 0.071875 0.2234375
0 0.39609375 0.3984375 0.028125 0.1140625
0 0.08203125 0.44140625 0.059375 0.26875
0 0.178125 0.4171875 0.0234375 0.0984375
0 0.01796875 0.43046875 0.0296875 0.128125
0 0.62578125 0.29453125 0.03125 0.1140625
0 0.6 0.365625 0.03125 0.1234375
0 0.33125 0.4078125 0.034375 0.0765625
0 0.88671875 0.33359375 0.01875 0.1015625
0 0.9609375 0.32421875 0.0140625 0.1015625
0 0.575 0.42109375 0.090625 0.3546875
0 0.9046875 0.325 0.0203125 0.090625
0 0.42421875 0.39609375 0.034375 0.1171875