0 0.3859375 0.50546875 0.334375 0.8453125
0 0.721875 0.10625 0.1125 0.1359375
0 0.32578125 0.10390625 0.1140625 0.1453125
0 0.94375 0.0875 0.1125 0.175
0 0.76875 0.059375 0.1390625 0.1171875
0 0.52578125 0.08671875 0.0984375 0.1703125
0 0.8390625 0.11953125 0.109375 0.109375
0 0.28046875 0.08046875 0.075 0.159375
0 0.425 0.078125 0.1203125 0.1546875
0 0.10234375 0.078125 0.0703125 0.15625
0 0.89375 0.059375 0.128125 0.1125
0 0.05234375 0.09140625 0.1 0.1375
0 0.225 0.10546875 0.0859375 0.1265625