0 0.54140625 0.6703125 0.159375 0.659375
0 0.8515625 0.678125 0.0515625 0.0890625
0 0.21015625 0.63828125 0.3671875 0.6921875
0 0.715625 0.5890625 0.078125 0.31875
0 0.971875 0.6234375 0.046875 0.159375
0 0.98984375 0.60703125 0.0171875 0.121875
0 0.03828125 0.7359375 0.075 0.528125
0 0.8765625 0.5859375 0.025 0.0515625
0 0.921875 0.67578125 0.090625 0.290625
0 0.64609375 0.68671875 0.09375 0.2328125
0 0.89921875 0.60703125 0.0296875 0.1296875
0 0.659375 0.60234375 0.046875 0.1484375
0 0.97109375 0.56484375 0.0328125 0.0515625