0 0.225 0.521875 0.1046875 0.2359375
0 0.31875 0.46953125 0.071875 0.1359375
0 0.5078125 0.50234375 0.0375 0.0625
0 0.5546875 0.503125 0.1046875 0.121875
0 0.7765625 0.56875 0.1015625 0.196875
0 0.65703125 0.50546875 0.034375 0.075
0 0.97890625 0.5234375 0.028125 0.046875
0 0.89375 0.52578125 0.0265625 0.0421875
0 0.7203125 0.50234375 0.0390625 0.05625
0 0.4359375 0.5234375 0.11875 0.3015625
0 0.87890625 0.52578125 0.0140625 0.0296875
0 0.8328125 0.50703125 0.0359375 0.0609375
0 0.09453125 0.49296875 0.0296875 0.0421875