0 0.4 0.32734375 0.30625 0.4578125
0 0.5171875 0.259375 0.1890625 0.296875
0 0.09375 0.25234375 0.065625 0.25
0 0.178125 0.15859375 0.0953125 0.1328125
0 0.7625 0.1453125 0.0359375 0.071875
0 0.73671875 0.209375 0.0421875 0.165625
0 0.52578125 0.1609375 0.05 0.0421875
0 0.58046875 0.16875 0.0640625 0.0921875
0 0.81796875 0.14296875 0.03125 0.0796875
0 0.196875 0.25546875 0.0796875 0.221875
0 0.25859375 0.240625 0.059375 0.2359375
0 0.07109375 0.15625 0.05625 0.1125
0 0.84609375 0.25 0.0640625 0.2421875