0 0.54296875 0.209375 0.078125 0.2125
0 0.67578125 0.1515625 0.0828125 0.1515625
0 0.74765625 0.13125 0.06875 0.1234375
0 0.78515625 0.1359375 0.0859375 0.1328125
0 0.840625 0.14140625 0.078125 0.1171875
0 0.890625 0.0734375 0.0203125 0.0453125
0 0.9546875 0.10859375 0.028125 0.0953125
0 0.61796875 0.1421875 0.0515625 0.121875
0 0.89140625 0.121875 0.096875 0.1
0 0.93125 0.17734375 0.0453125 0.24375
0 0.23359375 0.63359375 0.4046875 0.45
0 0.49296875 0.05859375 0.01875 0.0546875
0 0.41796875 0.05 0.0203125 0.0640625