0 0.43125 0.56640625 0.06875 0.2265625
0 0.5515625 0.52578125 0.0515625 0.1796875
0 0.6125 0.51015625 0.04375 0.11875
0 0.709375 0.52109375 0.0546875 0.1484375
0 0.3875 0.50078125 0.0171875 0.0671875
0 0.64296875 0.47421875 0.0171875 0.0734375
0 0.27421875 0.52578125 0.0296875 0.05625
0 0.05 0.54765625 0.046875 0.1296875
0 0.1703125 0.53984375 0.0296875 0.04375
0 0.3171875 0.50859375 0.025 0.075
0 0.23359375 0.51328125 0.025 0.0859375
0 0.66953125 0.08515625 0.021875 0.1078125
0 0.35390625 0.503125 0.0234375 0.0875