0 0.1703125 0.63203125 0.2421875 0.7125
0 0.36484375 0.55078125 0.0421875 0.1953125
0 0.540625 0.5203125 0.0421875 0.109375
0 0.74921875 0.5296875 0.0359375 0.1328125
0 0.96015625 0.55859375 0.0421875 0.1703125
0 0.67265625 0.5265625 0.0265625 0.090625
0 0.815625 0.5265625 0.0203125 0.05625
0 0.0296875 0.515625 0.0296875 0.06875
0 0.45078125 0.52109375 0.0296875 0.1046875
0 0.64609375 0.525 0.028125 0.090625
0 0.59921875 0.5203125 0.0140625 0.0640625
0 0.50078125 0.509375 0.0140625 0.0375
0 0.85703125 0.5359375 0.0234375 0.0859375