0 0.175 0.83359375 0.1015625 0.3296875
0 0.01953125 0.79140625 0.0375 0.225
0 0.03125 0.71015625 0.028125 0.10625
0 0.09296875 0.69296875 0.028125 0.09375
0 0.1390625 0.65390625 0.0109375 0.0421875
0 0.21015625 0.6625 0.0125 0.0484375
0 0.30078125 0.66796875 0.0125 0.0578125
0 0.2640625 0.67265625 0.0171875 0.0515625
0 0.28125 0.66328125 0.0140625 0.04375
0 0.290625 0.66953125 0.009375 0.0515625
0 0.34140625 0.66015625 0.01875 0.05625
0 0.02265625 0.67890625 0.025 0.0796875
0 0.0609375 0.7 0.0265625 0.0890625