0 0.321875 0.55234375 0.065625 0.2109375
0 0.39609375 0.5296875 0.034375 0.10625
0 0.61171875 0.47578125 0.028125 0.1140625
0 0.4203125 0.46015625 0.015625 0.0640625
0 0.50234375 0.45234375 0.015625 0.071875
0 0.5453125 0.43828125 0.009375 0.0421875
0 0.515625 0.45078125 0.0203125 0.0671875
0 0.471875 0.43359375 0.009375 0.040625
0 0.4109375 0.4703125 0.040625 0.0796875
0 0.2921875 0.43359375 0.009375 0.034375
0 0.36328125 0.4375 0.015625 0.0421875
0 0.4359375 0.45859375 0.0140625 0.071875
0 0.2359375 0.4109375 0.00625 0.015625