0 0.37421875 0.3125 0.053125 0.1453125
0 0.10390625 0.325 0.0640625 0.1296875
0 0.15 0.36875 0.0609375 0.2625
0 0.1765625 0.278125 0.015625 0.040625
0 0.20234375 0.36953125 0.053125 0.271875
0 0.2625 0.2828125 0.03125 0.0890625
0 0.28203125 0.35078125 0.0453125 0.215625
0 0.43203125 0.35078125 0.05 0.0328125
0 0.23125 0.321875 0.0359375 0.134375
0 0.40078125 0.36015625 0.03125 0.1015625
0 0.33125 0.3875 0.0515625 0.2203125
0 0.05625 0.3546875 0.0265625 0.05625
0 0.0171875 0.4109375 0.034375 0.1734375