0 0.63828125 0.584375 0.2625 0.3890625
0 0.42578125 0.69296875 0.171875 0.2921875
0 0.03984375 0.490625 0.0796875 0.1546875
0 0.18203125 0.23046875 0.0640625 0.1171875
0 0.40859375 0.15859375 0.0578125 0.1265625
0 0.84375 0.36015625 0.06875 0.2046875
0 0.26015625 0.18515625 0.0421875 0.09375
0 0.6359375 0.171875 0.0359375 0.08125
0 0.31640625 0.18671875 0.0453125 0.0859375
0 0.12265625 0.134375 0.034375 0.0625
0 0.1953125 0.62109375 0.15 0.43125
0 0.3796875 0.39921875 0.0671875 0.24375
0 0.04375 0.4375 0.0296875 0.0578125