0 0.2921875 0.4828125 0.225 0.46328125
0 0.61953125 0.56953125 0.2859375 0.3015625
0 0.7921875 0.52109375 0.1640625 0.3859375
0 0.79375 0.33671875 0.0515625 0.125
0 0.51015625 0.3421875 0.08125 0.078125
0 0.6921875 0.03984375 0.0234375 0.06875
0 0.17578125 0.28359375 0.04375 0.115625
0 0.425 0.30625 0.0796875 0.13125
0 0.384375 0.0328125 0.203125 0.065625
0 0.88984375 0.3234375 0.06875 0.15
0 0.275 0.28125 0.0421875 0.0890625
0 0.2046875 0.028125 0.0515625 0.05625
0 0.78125 0.30234375 0.05625 0.09375