0 0.1 0.62890625 0.0359375 0.3703125
0 0.64140625 0.6046875 0.090625 0.35625
0 0.23671875 0.64765625 0.0625 0.3140625
0 0.42890625 0.6109375 0.0703125 0.375
0 0.0828125 0.6125 0.0765625 0.36875
0 0.13359375 0.28046875 0.04375 0.0890625
0 0.95390625 0.609375 0.075 0.3125
0 0.8765625 0.6046875 0.065625 0.309375
0 0.91875 0.4375 0.0328125 0.128125
0 0.4640625 0.44375 0.0453125 0.0828125
0 0.04296875 0.6359375 0.0734375 0.36875
0 0.20390625 0.62265625 0.05625 0.384375
0 0.29609375 0.63828125 0.08125 0.3390625