0 0.78828125 0.2890625 0.0125 0.10625
0 0.52421875 0.446875 0.1375 0.6265625
0 0.728125 0.60625 0.0828125 0.315625
0 0.37578125 0.26953125 0.1265625 0.5390625
0 0.1640625 0.2265625 0.1046875 0.4078125
0 0.09609375 0.5 0.190625 1
0 0.634375 0.55546875 0.0859375 0.2953125
0 0.7828125 0.49375 0.0546875 0.24375
0 0.68046875 0.38984375 0.08125 0.6375
0 0.95546875 0.43125 0.0890625 0.2515625
0 0.93125 0.2046875 0.128125 0.346875
0 0.5875 0.296875 0.0421875 0.196875
0 0.74609375 0.31484375 0.015625 0.10625