0 0.4046875 0.62421875 0.0046875 0.19375
0 0.478125 0.62265625 0.0328125 0.19375
0 0.33984375 0.62734375 0.0578125 0.1828125
0 0.6078125 0.6015625 0.05 0.1046875
0 0.24296875 0.60859375 0.028125 0.1890625
0 0.70390625 0.6109375 0.046875 0.184375
0 0.6859375 0.60078125 0.0234375 0.1453125
0 0.41171875 0.62421875 0.0375 0.1828125
0 0.30703125 0.60859375 0.0359375 0.1640625
0 0.059375 0.61328125 0.05 0.2078125
0 0.4984375 0.62421875 0.0203125 0.1
0 0.26640625 0.6125 0.034375 0.175
0 0.03046875 0.58046875 0.0203125 0.0984375