0 0.965625 0.59609375 0.0234375 0.040625
0 0.940625 0.6015625 0.021875 0.0296875
0 0.696875 0.59765625 0.0234375 0.034375
0 0.62265625 0.5984375 0.00625 0.015625
0 0.55234375 0.5921875 0.015625 0.0265625
0 0.53515625 0.59453125 0.0125 0.01875
0 0.63671875 0.59296875 0.0140625 0.0265625
0 0.509375 0.59296875 0.0078125 0.015625
0 0.86796875 0.60234375 0.01875 0.0265625
0 0.6703125 0.59453125 0.009375 0.0234375
0 0.52578125 0.59296875 0.0078125 0.01875
0 0.62109375 0.5921875 0.0125 0.0296875
0 0.653125 0.59609375 0.0140625 0.0234375