0 0.5140625 0.5921875 0.79375 0.80625
0 0.37734375 0.51796875 0.0515625 0.1015625
0 0.35 0.51640625 0.0421875 0.1046875
0 0.80703125 0.66640625 0.025 0.0265625
0 0.265625 0.5203125 0.0484375 0.103125
0 0.1921875 0.51875 0.075 0.1140625
0 0.059375 0.509375 0.0609375 0.0859375
0 0.0140625 0.49921875 0.028125 0.0765625
0 0.31484375 0.51796875 0.0390625 0.1078125
0 0.12265625 0.51015625 0.0703125 0.1171875
0 0.4015625 0.51953125 0.0390625 0.0796875
0 0.24921875 0.4953125 0.025 0.0515625
0 0.753125 0.6640625 0.034375 0.0328125