0 0.96953125 0.728125 0.0609375 0.3296875
0 0.0328125 0.64453125 0.065625 0.25
0 0.1125 0.62109375 0.025 0.1109375
0 0.90546875 0.596875 0.0171875 0.04375
0 0.896875 0.58828125 0.0078125 0.0375
0 0.8859375 0.59296875 0.0125 0.0453125
0 0.8546875 0.59765625 0.0140625 0.04375
0 0.83515625 0.59375 0.0109375 0.04375
0 0.825 0.59453125 0.0125 0.04375
0 0.8125 0.60546875 0.021875 0.0578125
0 0.17109375 0.57734375 0.01875 0.0203125
0 0.93359375 0.65859375 0.0421875 0.2
0 0.3328125 0.7328125 0.171875 0.534375