0 0.47109375 0.4296875 0.253125 0.5984375
0 0.34296875 0.2234375 0.059375 0.2359375
0 0.81328125 0.13984375 0.0609375 0.0640625
0 0.28046875 0.22890625 0.096875 0.3359375
0 0.19296875 0.23046875 0.046875 0.209375
0 0.146875 0.2265625 0.0546875 0.2265625
0 0.10625 0.2265625 0.0828125 0.3453125
0 0.94296875 0.12109375 0.0328125 0.0859375
0 0.4046875 0.20546875 0.05 0.103125
0 0.38046875 0.18671875 0.0515625 0.209375
0 0.8921875 0.08125 0.0265625 0.071875
0 0.234375 0.08671875 0.025 0.0328125
0 0.925 0.1140625 0.0328125 0.090625