0 0.05546875 0.70859375 0.1109375 0.58125
0 0.1625 0.33359375 0.078125 0.2640625
0 0.2328125 0.33984375 0.109375 0.2875
0 0.334375 0.29609375 0.059375 0.2828125
0 0.47265625 0.28671875 0.0671875 0.2625
0 0.40546875 0.3046875 0.0765625 0.26875
0 0.21171875 0.95234375 0.2328125 0.0953125
0 0.11875 0.3375 0.0546875 0.234375
0 0.059375 0.1953125 0.0375 0.084375
0 0.1015625 0.31015625 0.040625 0.2390625
0 0.21640625 0.19296875 0.0109375 0.0203125
0 0.43671875 0.2890625 0.046875 0.2265625
0 0.278125 0.31484375 0.0765625 0.2640625