0 0.43515625 0.4609375 0.259375 0.3578125
0 0.13515625 0.55859375 0.2671875 0.15625
0 0.07265625 0.5046875 0.1453125 0.1609375
0 0.76640625 0.3859375 0.4625 0.2828125
0 0.9734375 0.1859375 0.05 0.128125
0 0.56171875 0.21640625 0.2140625 0.1515625
0 0.16171875 0.315625 0.3234375 0.2125
0 0.3421875 0.06875 0.140625 0.134375
0 0.41484375 0.24921875 0.096875 0.2734375
0 0.81484375 0.34375 0.35625 0.321875
0 0.7875 0.13046875 0.0984375 0.13125
0 0.89296875 0.1203125 0.134375 0.240625
0 0.05703125 0.1171875 0.1140625 0.234375