0 0.82109375 0.875 0.0359375 0.1640625
0 0.53359375 0.93125 0.0328125 0.1046875
0 0.9390625 0.865625 0.04375 0.184375
0 0.75078125 0.8796875 0.0421875 0.1328125
0 0.78515625 0.8921875 0.0328125 0.1875
0 0.85859375 0.78828125 0.01875 0.053125
0 0.89140625 0.8234375 0.0265625 0.0953125
0 0.56640625 0.9046875 0.0359375 0.0984375
0 0.80625 0.91328125 0.021875 0.128125
0 0.7703125 0.8921875 0.0390625 0.1828125
0 0.83984375 0.9125 0.0375 0.175
0 0.665625 0.96953125 0.03125 0.0578125
0 0.7453125 0.94921875 0.0046875 0.1