0 0.146875 0.703125 0.0734375 0.23125
0 0.0703125 0.7375 0.0359375 0.1421875
0 0.6609375 0.6984375 0.0609375 0.0828125
0 0.56171875 0.690625 0.034375 0.078125
0 0.29609375 0.634375 0.0078125 0.0296875
0 0.80234375 0.66328125 0.021875 0.09375
0 0.3765625 0.64921875 0.01875 0.0734375
0 0.465625 0.63359375 0.0140625 0.0578125
0 0.74453125 0.64609375 0.034375 0.1328125
0 0.22890625 0.653125 0.01875 0.0796875
0 0.27109375 0.64296875 0.0109375 0.053125
0 0.40703125 0.6515625 0.0140625 0.0703125
0 0.415625 0.63828125 0.0078125 0.05