0 0.7078125 0.5796875 0.028125 0.103125
0 0.709375 0.659375 0.0234375 0.1265625
0 0.73046875 0.6546875 0.021875 0.128125
0 0.540625 0.3921875 0.03125 0.0484375
0 0.77109375 0.621875 0.0296875 0.159375
0 0.80703125 0.61015625 0.0390625 0.13125
0 0.7859375 0.56796875 0.0125 0.08125
0 0.83359375 0.5984375 0.0390625 0.1546875
0 0.7234375 0.5640625 0.0125 0.0578125
0 0.89296875 0.61015625 0.0296875 0.165625
0 0.91015625 0.603125 0.028125 0.1734375
0 0.54375 0.5640625 0.0453125 0.065625
0 0.95859375 0.51640625 0.01875 0.0484375