0 0.04609375 0.43046875 0.090625 0.853125
0 0.225 0.15078125 0.109375 0.259375
0 0.32421875 0.671875 0.140625 0.5390625
0 0.0796875 0.62265625 0.1359375 0.5125
0 0.353125 0.3546875 0.1 0.640625
0 0.4 0.49765625 0.0984375 0.56875
0 0.5421875 0.35234375 0.09375 0.3515625
0 0.821875 0.6625 0.14375 0.621875
0 0.675 0.66015625 0.16875 0.621875
0 0.92265625 0.690625 0.1546875 0.61875
0 0.7390625 0.3828125 0.1140625 0.2
0 0.84921875 0.3109375 0.134375 0.3390625
0 0.60234375 0.5921875 0.1234375 0.6265625