0 0.03671875 0.55703125 0.0734375 0.3734375
0 0.63203125 0.246875 0.075 0.1234375
0 0.69765625 0.28046875 0.06875 0.1484375
0 0.75234375 0.36328125 0.0453125 0.09375
0 0.75625 0.3125 0.06875 0.06875
0 0.9078125 0.33828125 0.03125 0.08125
0 0.94453125 0.34140625 0.034375 0.0625
0 0.10546875 0.39453125 0.0796875 0.0515625
0 0.103125 0.54765625 0.06875 0.3171875
0 0.9890625 0.3375 0.021875 0.0609375
0 0.8390625 0.44453125 0.0265625 0.0953125
0 0.82421875 0.39609375 0.0203125 0.05
0 0.8421875 0.38671875 0.0203125 0.025