0 0.98671875 0.728125 0.0265625 0.2796875
0 0.1078125 0.70703125 0.0296875 0.090625
0 0.18046875 0.70546875 0.028125 0.0953125
0 0.13671875 0.7078125 0.028125 0.0890625
0 0.96796875 0.66328125 0.015625 0.0671875
0 0.94921875 0.65859375 0.0109375 0.075
0 0.93359375 0.63671875 0.015625 0.053125
0 0.98046875 0.653125 0.015625 0.0484375
0 0.0203125 0.7 0.0140625 0.0203125
0 0.65625 0.58984375 0.0453125 0.1421875
0 0.91796875 0.76875 0.090625 0.26875
0 0.95859375 0.63515625 0.0078125 0.0140625
0 0.0109375 0.7 0.009375 0.0234375