0 0.58671875 0.6765625 0.209375 0.64375
0 0.23203125 0.559375 0.1734375 0.7546875
0 0.159375 0.403125 0.0671875 0.34375
0 0.04609375 0.7 0.0921875 0.578125
0 0.078125 0.5546875 0.15625 0.7234375
0 0.45625 0.365625 0.0546875 0.1359375
0 0.51953125 0.3421875 0.0421875 0.071875
0 0.62421875 0.38671875 0.06875 0.1609375
0 0.97265625 0.36328125 0.0390625 0.09375
0 0.759375 0.41953125 0.075 0.071875
0 0.65859375 0.37109375 0.0203125 0.0625
0 0.3171875 0.55703125 0.1140625 0.56875
0 0.8125 0.37109375 0.0546875 0.16875