0 0.67734375 0.7921875 0.021875 0.084375
0 0.62265625 0.7953125 0.0140625 0.103125
0 0.61171875 0.7984375 0.0125 0.0875
0 0.53515625 0.77890625 0.00625 0.0328125
0 0.66484375 0.79375 0.015625 0.084375
0 0.99296875 0.8 0.0140625 0.084375
0 0.90078125 0.8 0.015625 0.065625
0 0.6046875 0.7984375 0.0125 0.075
0 0.58125 0.7859375 0.0078125 0.0578125
0 0.5921875 0.79375 0.01875 0.096875
0 0.55234375 0.77109375 0.009375 0.0453125
0 0.56875 0.7984375 0.021875 0.08125
0 0.26171875 0.759375 0.0125 0.0421875