0 0.6328125 0.55 0.271875 0.3453125
0 0.81640625 0.21953125 0.121875 0.0453125
0 0.953125 0.18515625 0.0609375 0.08125
0 0.846875 0.1046875 0.08125 0.0890625
0 0.84296875 0.14296875 0.065625 0.0734375
0 0.6953125 0.18046875 0.103125 0.0890625
0 0.70859375 0.21328125 0.09375 0.059375
0 0.53828125 0.21328125 0.121875 0.0609375
0 0.8875 0.19921875 0.090625 0.0515625
0 0.42890625 0.215625 0.090625 0.053125
0 0.78359375 0.184375 0.065625 0.0765625
0 0.77265625 0.1390625 0.0859375 0.084375
0 0.9671875 0.2078125 0.065625 0.0625