0 0.1390625 0.20859375 0.0546875 0.1140625
0 0.15 0.22734375 0.040625 0.078125
0 0.090625 0.3375 0.0796875 0.1046875
0 0.21328125 0.340625 0.078125 0.08125
0 0.509375 0.43515625 0.0765625 0.1234375
0 0.41640625 0.38203125 0.06875 0.090625
0 0.3984375 0.3515625 0.0640625 0.1
0 0.3765625 0.30703125 0.071875 0.1078125
0 0.36640625 0.26328125 0.0609375 0.0875
0 0.43046875 0.54140625 0.0828125 0.09375
0 0.446875 0.446875 0.0671875 0.1328125
0 0.16796875 0.4296875 0.08125 0.078125
0 0.553125 0.5515625 0.440625 0.753125