0 0.35234375 0.6390625 0.0125 0.0640625
0 0.30703125 0.64296875 0.01875 0.0703125
0 0.278125 0.6359375 0.0171875 0.0640625
0 0.2625 0.64375 0.021875 0.0703125
0 0.2328125 0.640625 0.0140625 0.0375
0 0.22421875 0.65078125 0.009375 0.065625
0 0.1796875 0.6390625 0.0078125 0.046875
0 0.16640625 0.625 0.0125 0.028125
0 0.33515625 0.64140625 0.0125 0.0609375
0 0.20625 0.640625 0.0046875 0.0609375
0 0.8828125 0.64140625 0.0171875 0.078125
0 0.19375 0.62734375 0.0109375 0.028125
0 0.934375 0.63203125 0.0203125 0.096875