0 0.13359375 0.46796875 0.2171875 0.93125
0 0.80546875 0.31484375 0.1546875 0.6296875
0 0.54765625 0.3375 0.1375 0.625
0 0.96171875 0.371875 0.06875 0.3015625
0 0.9078125 0.37109375 0.05 0.2140625
0 0.70078125 0.33203125 0.046875 0.2109375
0 0.64921875 0.365625 0.0734375 0.2984375
0 0.42421875 0.33125 0.11875 0.4515625
0 0.35390625 0.37109375 0.05625 0.2078125
0 0.71953125 0.4 0.0515625 0.1609375
0 0.021875 0.37109375 0.0359375 0.15
0 0.2515625 0.33984375 0.1390625 0.6765625
0 0.30859375 0.353125 0.0390625 0.2015625