0 0.58515625 0.90546875 0.0578125 0.1328125
0 0.8109375 0.88046875 0.0546875 0.16875
0 0.934375 0.92890625 0.0640625 0.0890625
0 0.83515625 0.74375 0.028125 0.0890625
0 0.875 0.728125 0.015625 0.0625
0 0.915625 0.81796875 0.0359375 0.1328125
0 0.94921875 0.771875 0.028125 0.0984375
0 0.715625 0.66796875 0.0265625 0.0671875
0 0.746875 0.6375 0.0203125 0.03125
0 0.90078125 0.7328125 0.0265625 0.0875
0 0.91328125 0.7234375 0.015625 0.0609375
0 0.85 0.65703125 0.0140625 0.0390625
0 0.071875 0.7140625 0.021875 0.0609375