0 0.32578125 0.7203125 0.1703125 0.559375
0 0.51015625 0.715625 0.14375 0.56875
0 0.61171875 0.71484375 0.2 0.546875
0 0.78515625 0.71484375 0.21875 0.540625
0 0.94921875 0.60546875 0.1015625 0.396875
0 0.4296875 0.85546875 0.1 0.2796875
0 0.08515625 0.896875 0.1703125 0.20625
0 0.19921875 0.88359375 0.1046875 0.2328125
0 0.9140625 0.88125 0.1265625 0.2375
0 0.178125 0.7171875 0.0625 0.16875
0 0.96796875 0.85703125 0.059375 0.2796875
0 0.18984375 0.4765625 0.01875 0.0609375
0 0.43828125 0.63984375 0.0515625 0.1203125