0 0.37421875 0.63125 0.2078125 0.0828125
0 0.4546875 0.634375 0.1296875 0.05625
0 0.5875 0.58671875 0.0640625 0.1171875
0 0.75390625 0.6 0.0453125 0.0359375
0 0.10234375 0.62109375 0.0109375 0.0265625
0 0.53671875 0.61015625 0.0078125 0.0125
0 0.27734375 0.61875 0.015625 0.025
0 0.865625 0.59296875 0.0046875 0.0140625
0 0.13125 0.621875 0.0125 0.0234375
0 0.0328125 0.62734375 0.0125 0.0140625
0 0.925 0.59296875 0.0125 0.0234375
0 0.56328125 0.603125 0.028125 0.04375
0 0.3328125 0.61875 0.046875 0.05625