0 0.60703125 0.57890625 0.2359375 0.6109375
0 0.2125 0.090625 0.10625 0.18125
0 0.12578125 0.09453125 0.1078125 0.1890625
0 0.38203125 0.03984375 0.065625 0.0796875
0 0.40078125 0.03359375 0.0359375 0.0671875
0 0.5078125 0.0625 0.0765625 0.125
0 0.55703125 0.059375 0.065625 0.11875
0 0.59375 0.0375 0.028125 0.0625
0 0.23515625 0.04765625 0.0546875 0.0890625
0 0.32890625 0.04453125 0.059375 0.0890625
0 0.43984375 0.03984375 0.0796875 0.0796875
0 0.4609375 0.03203125 0.028125 0.0640625
0 0.7046875 0.05078125 0.0703125 0.1015625