0 0.06171875 0.528125 0.09375 0.28125
0 0.28203125 0.478125 0.0484375 0.078125
0 0.584375 0.49375 0.0828125 0.1265625
0 0.75078125 0.4296875 0.0375 0.0296875
0 0.86875 0.49765625 0.09375 0.1328125
0 0.20859375 0.49609375 0.06875 0.1125
0 0.31015625 0.49140625 0.1046875 0.121875
0 0.409375 0.4765625 0.0859375 0.128125
0 0.95546875 0.50703125 0.0875 0.08125
0 0.80859375 0.45 0.0359375 0.034375
0 0.515625 0.490625 0.0796875 0.1296875
0 0.91640625 0.4734375 0.0671875 0.078125
0 0.75625 0.63671875 0.2515625 0.51875