0 0.69296875 0.55234375 0.09375 0.4296875
0 0.475 0.71328125 0.171875 0.33125
0 0.49296875 0.51171875 0.0625 0.3015625
0 0.4109375 0.51953125 0.065625 0.315625
0 0.33984375 0.5234375 0.05 0.34375
0 0.253125 0.509375 0.0796875 0.315625
0 0.63984375 0.53359375 0.0734375 0.3953125
0 0.53515625 0.52890625 0.13125 0.3015625
0 0.53203125 0.42734375 0.04375 0.1296875
0 0.9203125 0.5375 0.090625 0.4171875
0 0.37109375 0.5375 0.059375 0.346875
0 0.31015625 0.521875 0.0625 0.3328125
0 0.8046875 0.50390625 0.0984375 0.340625