0 0.57421875 0.51953125 0.246875 0.9578125
0 0.14765625 0.33046875 0.0796875 0.2703125
0 0.296875 0.321875 0.06875 0.2875
0 0.3640625 0.30234375 0.034375 0.15
0 0.0359375 0.384375 0.06875 0.4328125
0 0.06875 0.31953125 0.040625 0.1546875
0 0.41953125 0.31328125 0.0640625 0.1796875
0 0.38046875 0.28984375 0.025 0.125
0 0.39140625 0.26015625 0.0140625 0.0484375
0 0.46171875 0.25234375 0.0125 0.025
0 0.11015625 0.32421875 0.0453125 0.1875
0 0.2046875 0.34453125 0.0609375 0.2703125
0 0.2515625 0.309375 0.0515625 0.2140625