0 0.30234375 0.5375 0.021875 0.121875
0 0.4984375 0.5546875 0.03125 0.1125
0 0.43203125 0.54921875 0.0203125 0.109375
0 0.4625 0.52578125 0.0125 0.05625
0 0.50078125 0.49765625 0.015625 0.05625
0 0.6578125 0.53125 0.0515625 0.1
0 0.8890625 0.56796875 0.0265625 0.121875
0 0.5640625 0.49296875 0.01875 0.046875
0 0.92890625 0.57578125 0.021875 0.1140625
0 0.2875 0.5375 0.0171875 0.1046875
0 0.30625 0.47890625 0.015625 0.0375
0 0.45234375 0.46640625 0.0109375 0.0515625
0 0.58203125 0.52109375 0.015625 0.0984375