0 0.1390625 0.3296875 0.2421875 0.36875
0 0.328125 0.38984375 0.2703125 0.3515625
0 0.36171875 0.33671875 0.171875 0.2859375
0 0.60859375 0.43828125 0.0859375 0.103125
0 0.72734375 0.4203125 0.025 0.0328125
0 0.8921875 0.43515625 0.0140625 0.0546875
0 0.9140625 0.4234375 0.0296875 0.0609375
0 0.84375 0.43515625 0.0234375 0.10625
0 0.87578125 0.434375 0.0296875 0.115625
0 0.459375 0.37578125 0.1 0.0875
0 0.96875 0.4234375 0.053125 0.08125
0 0.94453125 0.428125 0.0421875 0.0875
0 0.1765625 0.30859375 0.0046875 0.140625