0 0.18046875 0.73671875 0.0359375 0.19375
0 0.63046875 0.49609375 0.0421875 0.1046875
0 0.91328125 0.7203125 0.078125 0.221875
0 0.72265625 0.78671875 0.153125 0.4046875
0 0.28671875 0.5234375 0.05625 0.140625
0 0.66796875 0.50546875 0.0375 0.0859375
0 0.703125 0.51015625 0.0234375 0.08125
0 0.9859375 0.4546875 0.028125 0.0703125
0 0.98203125 0.4203125 0.0328125 0.084375
0 0.03203125 0.41484375 0.0203125 0.0578125
0 0.03203125 0.37265625 0.040625 0.0890625
0 0.05234375 0.37265625 0.0125 0.025
0 0.6859375 0.5140625 0.0171875 0.071875