0 0.23984375 0.19296875 0.09375 0.3765625
0 0.78125 0.32890625 0.05 0.0875
0 0.55234375 0.328125 0.034375 0.0484375
0 0.58828125 0.32109375 0.01875 0.0328125
0 0.10546875 0.27421875 0.028125 0.08125
0 0.0703125 0.2875 0.0453125 0.0703125
0 0.83828125 0.334375 0.046875 0.0875
0 0.4609375 0.32890625 0.021875 0.0390625
0 0.69296875 0.328125 0.053125 0.0734375
0 0.52109375 0.325 0.034375 0.05
0 0.94609375 0.34296875 0.01875 0.0328125
0 0.13515625 0.271875 0.040625 0.0796875
0 0.3703125 0.23359375 0.1171875 0.2890625