0 0.95390625 0.5671875 0.0859375 0.2703125
0 0.3734375 0.5859375 0.0828125 0.13125
0 0.45703125 0.4140625 0.028125 0.0984375
0 0.69609375 0.553125 0.0765625 0.1640625
0 0.60390625 0.50625 0.06875 0.1125
0 0.78671875 0.80390625 0.1265625 0.3234375
0 0.21171875 0.45390625 0.0421875 0.0609375
0 0.44921875 0.84296875 0.121875 0.2859375
0 0.63984375 0.859375 0.1609375 0.24375
0 0.78359375 0.6234375 0.128125 0.18125
0 0.6109375 0.3390625 0.015625 0.040625
0 0.36328125 0.75234375 0.11875 0.2703125
0 0.63515625 0.47265625 0.0453125 0.13125