0 0.50546875 0.6703125 0.2109375 0.5828125
0 0.87109375 0.646875 0.1515625 0.575
0 0.8671875 0.265625 0.065625 0.1484375
0 0.33515625 0.23359375 0.03125 0.075
0 0.6234375 0.27109375 0.0578125 0.1296875
0 0.3796875 0.0953125 0.053125 0.1625
0 0.7546875 0.3078125 0.021875 0.0875
0 0.73515625 0.225 0.0609375 0.125
0 0.41875 0.225 0.0421875 0.0515625
0 0.41015625 0.61484375 0.0671875 0.2953125
0 0.2796875 0.26796875 0.0515625 0.125
0 0.58203125 0.22265625 0.040625 0.2390625
0 0.32109375 0.77109375 0.1421875 0.2671875