0 0.3890625 0.4375 0.0765625 0.128125
0 0.58828125 0.26796875 0.0734375 0.25
0 0.11171875 0.43515625 0.1109375 0.0984375
0 0.9453125 0.375 0.0109375 0.040625
0 0.44921875 0.22265625 0.0140625 0.04375
0 0.81953125 0.32109375 0.0171875 0.0234375
0 0.8640625 0.3390625 0.00625 0.021875
0 0.690625 0.2609375 0.0140625 0.0359375
0 0.43828125 0.21640625 0.0078125 0.0125
0 0.13515625 0.32421875 0.046875 0.1015625
0 0.73515625 0.2765625 0.0140625 0.0359375
0 0.425 0.21875 0.01875 0.05
0 0.8421875 0.32421875 0.0046875 0.0234375