0 0.5203125 0.31015625 0.071875 0.0953125
0 0.653125 0.384375 0.10625 0.14375
0 0.4265625 0.31796875 0.08125 0.1296875
0 0.553125 0.63203125 0.18125 0.61875
0 0.14765625 0.30859375 0.0828125 0.0890625
0 0.2046875 0.265625 0.078125 0.1515625
0 0.303125 0.265625 0.0875 0.1453125
0 0.4 0.265625 0.0953125 0.1796875
0 0.328125 0.16640625 0.0859375 0.1390625
0 0.24140625 0.30546875 0.0765625 0.0953125
0 0.32109375 0.31171875 0.0734375 0.0859375
0 0.6640625 0.28671875 0.1046875 0.15625
0 0.55078125 0.2625 0.0734375 0.1546875