0 0.3640625 0.60390625 0.0578125 0.071875
0 0.315625 0.61953125 0.0359375 0.0625
0 0.90234375 0.5375 0.0296875 0.046875
0 0.4390625 0.590625 0.028125 0.0671875
0 0.5640625 0.58046875 0.03125 0.0609375
0 0.49140625 0.584375 0.0453125 0.071875
0 0.621875 0.55859375 0.075 0.090625
0 0.65859375 0.56875 0.0171875 0.0484375
0 0.73046875 0.54921875 0.0375 0.0671875
0 0.77109375 0.55234375 0.0453125 0.0890625
0 0.3 0.6109375 0.0421875 0.084375
0 0.7 0.55625 0.028125 0.065625
0 0.3609375 0.58671875 0.0265625 0.0484375