0 0.2625 0.58984375 0.0828125 0.4265625
0 0.49921875 0.571875 0.059375 0.1828125
0 0.52578125 0.7578125 0.0734375 0.4171875
0 0.6421875 0.73203125 0.1078125 0.5125
0 0.41875 0.43203125 0.03125 0.065625
0 0.4703125 0.446875 0.0328125 0.090625
0 0.8078125 0.7203125 0.115625 0.5296875
0 0.53984375 0.375 0.05703125 0.10234375
0 0.34609375 0.74375 0.0703125 0.359375
0 0.57890625 0.71796875 0.0625 0.46875
0 0.5765625 0.4546875 0.0390625 0.0671875
0 0.45703125 0.75546875 0.1 0.403125
0 0.38203125 0.76015625 0.0796875 0.3765625