0 0.21953125 0.7875 0.078125 0.4
0 0.73359375 0.7625 0.103125 0.4515625
0 0.8234375 0.75625 0.0921875 0.41875
0 0.0796875 0.771875 0.078125 0.3984375
0 0.6640625 0.771875 0.08125 0.4265625
0 0.54375 0.7375 0.115625 0.4
0 0.3328125 0.74375 0.078125 0.3453125
0 0.58828125 0.59765625 0.0515625 0.1046875
0 0.3609375 0.62421875 0.03125 0.1203125
0 0.4515625 0.58359375 0.03125 0.0734375
0 0.03046875 0.77421875 0.0609375 0.4421875
0 0.76640625 0.61015625 0.046875 0.1171875
0 0.478125 0.72578125 0.059375 0.3390625