0 0.04921875 0.25234375 0.0171875 0.0375
0 0.09140625 0.23828125 0.009375 0.01875
0 0.121875 0.23671875 0.009375 0.021875
0 0.1640625 0.2453125 0.0125 0.0359375
0 0.184375 0.2453125 0.009375 0.0328125
0 0.38125 0.3109375 0.015625 0.0515625
0 0.41171875 0.3328125 0.0125 0.05
0 0.43828125 0.340625 0.0203125 0.084375
0 0.4578125 0.3515625 0.0203125 0.0921875
0 0.396875 0.34453125 0.0171875 0.078125
0 0.36171875 0.33125 0.0171875 0.06875
0 0.32734375 0.32890625 0.0203125 0.06875
0 0.38046875 0.35234375 0.0265625 0.05625