0 0.2625 0.70390625 0.2578125 0.5515625
0 0.68671875 0.80234375 0.2 0.3296875
0 0.88125 0.728125 0.175 0.54375
0 0.76796875 0.21484375 0.071875 0.1390625
0 0.60546875 0.18671875 0.065625 0.13125
0 0.53125 0.159375 0.0671875 0.11875
0 0.45859375 0.14609375 0.034375 0.0953125
0 0.96875 0.02890625 0.0625 0.0578125
0 0.34609375 0.128125 0.0828125 0.1078125
0 0.2828125 0.11953125 0.071875 0.1125
0 0.87265625 0.02109375 0.0578125 0.0421875
0 0.91953125 0.02734375 0.059375 0.05
0 0.68203125 0.18671875 0.1125 0.2