0 0.13203125 0.76640625 0.1234375 0.35
0 0.72421875 0.68203125 0.075 0.2
0 0.8609375 0.68984375 0.071875 0.2484375
0 0.965625 0.6609375 0.046875 0.1796875
0 0.38125 0.675 0.078125 0.1765625
0 0.7671875 0.6296875 0.028125 0.128125
0 0.58671875 0.759375 0.1171875 0.35625
0 0.253125 0.696875 0.0890625 0.196875
0 0.471875 0.6421875 0.0796875 0.13125
0 0.93671875 0.60390625 0.025 0.0796875
0 0.83046875 0.60546875 0.0296875 0.059375
0 0.65078125 0.62109375 0.03125 0.09375
0 0.51796875 0.60390625 0.0171875 0.0421875