0 0.1265625 0.55859375 0.253125 0.88125
0 0.3203125 0.55859375 0.1109375 0.390625
0 0.42890625 0.42890625 0.1671875 0.2125
0 0.575 0.403125 0.0875 0.109375
0 0.6109375 0.3890625 0.040625 0.1046875
0 0.6453125 0.43203125 0.0359375 0.1359375
0 0.73984375 0.52421875 0.0890625 0.4734375
0 0.8265625 0.49296875 0.084375 0.4
0 0.859375 0.42421875 0.0671875 0.2125
0 0.684375 0.49296875 0.053125 0.2859375
0 0.89609375 0.640625 0.0625 0.34375
0 0.33359375 0.38203125 0.0515625 0.1171875
0 0.87109375 0.58671875 0.0046875 0.309375