0 0.621875 0.46015625 0.0359375 0.1125
0 0.725 0.53046875 0.0359375 0.1015625
0 0.53359375 0.75078125 0.1015625 0.3296875
0 0.4421875 0.7609375 0.1046875 0.3265625
0 0.553125 0.53203125 0.0390625 0.1109375
0 0.359375 0.5625 0.053125 0.1359375
0 0.24921875 0.6671875 0.084375 0.2140625
0 0.178125 0.6578125 0.0734375 0.2390625
0 0.45625 0.4625 0.025 0.078125
0 0.43125 0.5171875 0.04375 0.0734375
0 0.01171875 0.6453125 0.0234375 0.1625
0 0.2984375 0.565625 0.0453125 0.1296875
0 0.51796875 0.53203125 0.040625 0.11875