0 0.53515625 0.6109375 0.025 0.1078125
0 0.884375 0.42890625 0.021875 0.046875
0 0.84140625 0.478125 0.021875 0.1640625
0 0.77890625 0.44609375 0.0265625 0.08125
0 0.70859375 0.43203125 0.0140625 0.0796875
0 0.56015625 0.403125 0.0078125 0.0421875
0 0.53984375 0.4015625 0.009375 0.034375
0 0.815625 0.459375 0.021875 0.0953125
0 0.50078125 0.6328125 0.028125 0.11875
0 0.440625 0.64609375 0.0296875 0.1171875
0 0.378125 0.64296875 0.015625 0.04375
0 0.94140625 0.44765625 0.0296875 0.0984375
0 0.45546875 0.38046875 0.0078125 0.0296875