0 0.6765625 0.3453125 0.1640625 0.4125
0 0.3109375 0.2203125 0.059375 0.215625
0 0.16796875 0.28515625 0.0421875 0.096875
0 0.06328125 0.30078125 0.0296875 0.0875
0 0.371875 0.09765625 0.0203125 0.0734375
0 0.23359375 0.22734375 0.0421875 0.159375
0 0.25390625 0.22734375 0.04375 0.1359375
0 0.0125 0.3296875 0.0234375 0.0703125
0 0.1296875 0.2984375 0.0421875 0.140625
0 0.04921875 0.30390625 0.0265625 0.0828125
0 0.14375 0.26875 0.0359375 0.125
0 0.09453125 0.29296875 0.034375 0.096875
0 0.08203125 0.30390625 0.0328125 0.1015625