0 0.9359375 0.53671875 0.0828125 0.178125
0 0.95859375 0.46328125 0.05625 0.0640625
0 0.7640625 0.50234375 0.078125 0.134375
0 0.70390625 0.49921875 0.1109375 0.18125
0 0.6890625 0.43671875 0.0390625 0.05625
0 0.61953125 0.490625 0.078125 0.13125
0 0.0890625 0.5078125 0.078125 0.2046875
0 0.63046875 0.5 0.1609375 0.1734375
0 0.83359375 0.490625 0.0640625 0.1578125
0 0.584375 0.4640625 0.05625 0.0984375
0 0.44453125 0.40390625 0.4171875 0.5546875
0 0.03046875 0.51796875 0.05 0.1625
0 0.884375 0.4609375 0.0828125 0.0703125