0 0.12890625 0.440625 0.0203125 0.025
0 0.2078125 0.45859375 0.0203125 0.0484375
0 0.38125 0.42578125 0.0171875 0.0390625
0 0.6078125 0.4125 0.0171875 0.03125
0 0.2625 0.43671875 0.021875 0.0359375
0 0.284375 0.43515625 0.009375 0.0140625
0 0.10078125 0.46875 0.0109375 0.0671875
0 0.14609375 0.45 0.0234375 0.0375
0 0.3328125 0.428125 0.0234375 0.0265625
0 0.4296875 0.421875 0.009375 0.03125
0 0.40859375 0.44453125 0.025 0.05
0 0.03046875 0.453125 0.0265625 0.0296875
0 0.1671875 0.44375 0.01875 0.0296875