0 0.375 0.67265625 0.046875 0.1171875
0 0.10078125 0.68125 0.0203125 0.0734375
0 0.05546875 0.66640625 0.0265625 0.11875
0 0.73984375 0.65859375 0.028125 0.0859375
0 0.91640625 0.6375 0.0265625 0.0546875
0 0.84609375 0.63046875 0.015625 0.0453125
0 0.88671875 0.646875 0.0203125 0.0640625
0 0.07265625 0.678125 0.015625 0.06875
0 0.82421875 0.640625 0.009375 0.0265625
0 0.95234375 0.63203125 0.0171875 0.0296875
0 0.109375 0.65234375 0.0328125 0.08125
0 0.93125 0.64375 0.021875 0.0625
0 0.8609375 0.62890625 0.0171875 0.0421875