0 0.1 0.546875 0.103125 0.2203125
0 0.69296875 0.5609375 0.00625 0.0546875
0 0.72421875 0.5734375 0.0140625 0.0265625
0 0.746875 0.57265625 0.0140625 0.03125
0 0.8203125 0.55859375 0.0140625 0.0640625
0 0.81015625 0.5625 0.0125 0.059375
0 0.83984375 0.5578125 0.0171875 0.065625
0 0.85859375 0.57265625 0.0171875 0.04375
0 0.88515625 0.55546875 0.0203125 0.078125
0 0.9828125 0.57265625 0.025 0.046875
0 0.93203125 0.57109375 0.021875 0.04375
0 0.9375 0.534375 0.01875 0.04375
0 0.86875 0.55 0.015625 0.0640625