0 0.54765625 0.35 0.040625 0.053125
0 0.1953125 0.421875 0.0515625 0.2078125
0 0.08828125 0.4171875 0.059375 0.1703125
0 0.234375 0.20625 0.0390625 0.1140625
0 0.35 0.24453125 0.05 0.084375
0 0.3109375 0.16875 0.0359375 0.084375
0 0.39765625 0.50234375 0.1625 0.296875
0 0.42734375 0.190625 0.0453125 0.08125
0 0.72734375 0.246875 0.028125 0.0609375
0 0.02265625 0.41484375 0.04375 0.175
0 0.45078125 0.35 0.0515625 0.065625
0 0.5046875 0.27421875 0.034375 0.0890625
0 0.52734375 0.32421875 0.0421875 0.0890625