0 0.63515625 0.66640625 0.2984375 0.6453125
0 0.94375 0.79296875 0.1125 0.3859375
0 0.29921875 0.54375 0.1421875 0.584375
0 0.14921875 0.5078125 0.1296875 0.6078125
0 0.6578125 0.21328125 0.084375 0.1734375
0 0.7703125 0.565625 0.1625 0.63125
0 0.89921875 0.63046875 0.078125 0.34375
0 0.93125 0.54140625 0.090625 0.240625
0 0.21484375 0.4078125 0.0703125 0.540625
0 0.58515625 0.35859375 0.1375 0.378125
0 0.35 0.153125 0.0796875 0.2765625
0 0.81171875 0.29609375 0.040625 0.10625
0 0.02109375 0.18671875 0.0421875 0.196875