0 0.51171875 0.34140625 0.1375 0.2921875
0 0.17734375 0.26171875 0.028125 0.1109375
0 0.97421875 0.44765625 0.05 0.1625
0 0.621875 0.20625 0.021875 0.0875
0 0.56796875 0.19140625 0.021875 0.0609375
0 0.54921875 0.203125 0.0296875 0.03125
0 0.51640625 0.19609375 0.021875 0.0421875
0 0.7734375 0.22109375 0.01875 0.0640625
0 0.15234375 0.24140625 0.015625 0.0875
0 0.7046875 0.22109375 0.021875 0.0671875
0 0.81328125 0.215625 0.0203125 0.0765625
0 0.796875 0.2125 0.0203125 0.06875
0 0.2609375 0.22578125 0.01875 0.1