0 0.58515625 0.78046875 0.403125 0.4109375
0 0.72578125 0.609375 0.0171875 0.0875
0 0.74375 0.60390625 0.025 0.0984375
0 0.77265625 0.60078125 0.028125 0.0859375
0 0.2234375 0.78203125 0.315625 0.4125
0 0.4421875 0.62421875 0.053125 0.0609375
0 0.9625 0.575 0.0234375 0.05625
0 0.57734375 0.525 0.046875 0.1078125
0 0.13515625 0.57578125 0.028125 0.0359375
0 0.98515625 0.61171875 0.0296875 0.11875
0 0.8828125 0.55703125 0.025 0.0234375
0 0.865625 0.6125 0.0359375 0.1140625
0 0.69296875 0.57734375 0.0265625 0.0515625