0 0.78125 0.92265625 0.046875 0.0953125
0 0.84140625 0.94609375 0.05 0.0890625
0 0.63671875 0.8375 0.0328125 0.0984375
0 0.61953125 0.8421875 0.021875 0.0890625
0 0.9234375 0.88515625 0.0625 0.2296875
0 0.81640625 0.88046875 0.0328125 0.1875
0 0.8609375 0.8234375 0.0734375 0.1171875
0 0.78046875 0.8609375 0.0625 0.2203125
0 0.14140625 0.87734375 0.0234375 0.065625
0 0.728125 0.84765625 0.025 0.0796875
0 0.6828125 0.84765625 0.0671875 0.1046875
0 0.67421875 0.8046875 0.01875 0.0296875
0 0.06015625 0.95234375 0.0765625 0.0953125