0 0.47109375 0.57421875 0.15625 0.2671875
0 0.7875 0.63671875 0.10625 0.2390625
0 0.38828125 0.32734375 0.0328125 0.1390625
0 0.24765625 0.3125 0.0359375 0.1328125
0 0.55 0.35234375 0.0390625 0.1265625
0 0.7734375 0.384375 0.0359375 0.1484375
0 0.43125 0.33515625 0.025 0.125
0 0.8734375 0.18125 0.0234375 0.0296875
0 0.74453125 0.334375 0.0359375 0.05
0 0.6515625 0.665625 0.171875 0.1640625
0 0.5078125 0.35 0.01875 0.1328125
0 0.65234375 0.37421875 0.0375 0.13125
0 0.840625 0.340625 0.0359375 0.0828125