0 0.203125 0.7359375 0.14375 0.35
0 0.19609375 0.646875 0.1125 0.3921875
0 0.28828125 0.5953125 0.0828125 0.25625
0 0.39921875 0.7171875 0.1234375 0.309375
0 0.51015625 0.6453125 0.0828125 0.340625
0 0.83984375 0.553125 0.0765625 0.3828125
0 0.20703125 0.30625 0.0109375 0.040625
0 0.2890625 0.70546875 0.0640625 0.265625
0 0.378125 0.59765625 0.0625 0.2046875
0 0.35234375 0.5046875 0.05 0.1078125
0 0.45625 0.6359375 0.0953125 0.40625
0 0.096875 0.6640625 0.1 0.4765625
0 0.0078125 0.6140625 0.015625 0.1078125