0 0.26875 0.67578125 0.3046875 0.6234375
0 0.409375 0.81875 0.1375 0.3625
0 0.93125 0.77890625 0.040625 0.1234375
0 0.63984375 0.7640625 0.0078125 0.03125
0 0.33203125 0.76953125 0.01875 0.059375
0 0.7609375 0.76171875 0.0125 0.034375
0 0.12421875 0.746875 0.0625 0.2140625
0 0.5296875 0.765625 0.0078125 0.021875
0 0.97890625 0.75078125 0.0421875 0.1734375
0 0.74609375 0.7625 0.0046875 0.0140625
0 0.0078125 0.76015625 0.009375 0.03125
0 0.99296875 0.68671875 0.0140625 0.0265625
0 0.5796875 0.7640625 0.00625 0.015625