0 0.5203125 0.6625 0.4140625 0.3609375
0 0.95859375 0.33359375 0.0828125 0.1078125
0 0.90234375 0.27734375 0.1359375 0.121875
0 0.2765625 0.134375 0.125 0.1890625
0 0.0203125 0.24921875 0.0375 0.09375
0 0.62734375 0.21796875 0.01875 0.05625
0 0.77578125 0.2390625 0.028125 0.0609375
0 0.7546875 0.23984375 0.0234375 0.084375
0 0.84921875 0.25078125 0.0171875 0.053125
0 0.81875 0.2515625 0.021875 0.0375
0 0.06640625 0.28203125 0.0421875 0.0484375
0 0.09296875 0.27734375 0.0359375 0.046875
0 0.0296875 0.2859375 0.046875 0.05625