0 0.96015625 0.54765625 0.0625 0.1609375
0 0.72265625 0.75625 0.0875 0.384375
0 0.4359375 0.746875 0.0515625 0.115625
0 0.39765625 0.6171875 0.1453125 0.734375
0 0.1140625 0.7109375 0.2015625 0.546875
0 0.584375 0.7203125 0.05625 0.2703125
0 0.81328125 0.5609375 0.0515625 0.078125
0 0.67578125 0.63671875 0.040625 0.0828125
0 0.77890625 0.6015625 0.03125 0.078125
0 0.803125 0.4953125 0.078125 0.1703125
0 0.80390625 0.79140625 0.08125 0.384375
0 0.9078125 0.93125 0.184375 0.1125
0 0.86875 0.596875 0.0296875 0.0625