0 0.05703125 0.67109375 0.1078125 0.4625
0 0.5859375 0.59375 0.1 0.328125
0 0.92890625 0.6640625 0.11875 0.40625
0 0.225 0.32890625 0.071875 0.25625
0 0.3375 0.80625 0.1359375 0.3171875
0 0.625 0.465625 0.084375 0.3125
0 0.0828125 0.37421875 0.0828125 0.3265625
0 0.57890625 0.30625 0.0859375 0.246875
0 0.77265625 0.34296875 0.103125 0.2390625
0 0.42890625 0.2015625 0.090625 0.2109375
0 0.35078125 0.20390625 0.0546875 0.20625
0 0.46015625 0.47265625 0.0859375 0.3078125
0 0.3703125 0.609375 0.0984375 0.3234375