0 0.92890625 0.34375 0.0859375 0.1359375
0 0.78671875 0.57578125 0.2265625 0.5921875
0 0.82578125 0.225 0.065625 0.1578125
0 0.5875 0.23203125 0.078125 0.1578125
0 0.29921875 0.28515625 0.04375 0.0828125
0 0.26875 0.23671875 0.0234375 0.0609375
0 0.87890625 0.20234375 0.0515625 0.0921875
0 0.51796875 0.31328125 0.0671875 0.1
0 0.7875 0.22421875 0.0609375 0.1546875
0 0.66875 0.11484375 0.0625 0.0890625
0 0.9859375 0.07421875 0.028125 0.0921875
0 0.95078125 0.275 0.0703125 0.1078125
0 0.50703125 0.16015625 0.046875 0.1