0 0.45390625 0.4171875 0.4015625 0.6078125
0 0.1671875 0.715625 0.059375 0.234375
0 0.47734375 0.7109375 0.1703125 0.4671875
0 0.696875 0.72734375 0.03125 0.1078125
0 0.646875 0.77109375 0.05625 0.084375
0 0.93828125 0.7171875 0.0421875 0.1234375
0 0.759375 0.69609375 0.0578125 0.2765625
0 0.08828125 0.746875 0.028125 0.06875
0 0.59921875 0.73046875 0.0421875 0.1171875
0 0.72578125 0.73828125 0.040625 0.0875
0 0.97421875 0.7109375 0.0359375 0.1984375
0 0.1078125 0.72421875 0.0234375 0.1140625
0 0.4546875 0.72265625 0.2421875 0.1390625