0 0.15625 0.6796875 0.1421875 0.640625
0 0.303125 0.47734375 0.059375 0.196875
0 0.1859375 0.42109375 0.021875 0.1015625
0 0.97109375 0.415625 0.03125 0.0984375
0 0.94921875 0.41875 0.0203125 0.0828125
0 0.90078125 0.4171875 0.0453125 0.075
0 0.840625 0.40390625 0.0296875 0.0828125
0 0.7890625 0.4078125 0.0296875 0.059375
0 0.35625 0.40546875 0.021875 0.0671875
0 0.2109375 0.4 0.028125 0.05625
0 0.4296875 0.3984375 0.0234375 0.05625
0 0.32421875 0.4 0.028125 0.034375
0 0.27890625 0.43984375 0.0203125 0.125