0 0.95078125 0.38828125 0.0984375 0.2390625
0 0.0375 0.33828125 0.0671875 0.1140625
0 0.209375 0.35703125 0.0859375 0.10625
0 0.33984375 0.33046875 0.0328125 0.09375
0 0.375 0.33046875 0.0484375 0.1046875
0 0.29609375 0.3078125 0.0453125 0.05
0 0.740625 0.340625 0.06875 0.1578125
0 0.91328125 0.44375 0.1703125 0.0453125
0 0.19375 0.334375 0.0453125 0.1078125
0 0.23359375 0.3015625 0.0265625 0.0296875
0 0.84765625 0.3453125 0.0828125 0.1609375
0 0.43359375 0.31875 0.0296875 0.071875
0 0.71640625 0.33515625 0.0296875 0.1015625