0 0.40078125 0.53203125 0.1609375 0.3578125
0 0.45546875 0.36328125 0.0296875 0.1359375
0 0.43984375 0.35078125 0.0203125 0.1484375
0 0.95625 0.378125 0.0359375 0.1546875
0 0.83046875 0.315625 0.01875 0.0390625
0 0.878125 0.346875 0.0078125 0.0421875
0 0.903125 0.32578125 0.0109375 0.01875
0 0.915625 0.34765625 0.009375 0.05625
0 0.51875 0.34375 0.0203125 0.08125
0 0.809375 0.36484375 0.0515625 0.1421875
0 0.725 0.31015625 0.00625 0.0171875
0 0.46796875 0.34375 0.01875 0.0875
0 0.73359375 0.35625 0.053125 0.0453125