0 0.95546875 0.453125 0.05 0.0765625
0 0.815625 0.0375 0.0140625 0.0375
0 0.87734375 0.57109375 0.071875 0.10625
0 0.840625 0.56875 0.0046875 0.1046875
0 0.88203125 0.09609375 0.0390625 0.0703125
0 0.91796875 0.49140625 0.0453125 0.0875
0 0.975 0.60859375 0.05 0.09375
0 0.98359375 0.41484375 0.0328125 0.0640625
0 0.07265625 0.13828125 0.1453125 0.2765625
0 0.95078125 0.39609375 0.0203125 0.0296875
0 0.94765625 0.36328125 0.0328125 0.03125
0 0.96328125 0.53515625 0.0296875 0.05625
0 0.27265625 0.515625 0.5453125 0.94375