0 0.4046875 0.5109375 0.1265625 0.5046875
0 0.2390625 0.4078125 0.05 0.2953125
0 0.9390625 0.3875 0.0453125 0.0859375
0 0.0125 0.11953125 0.025 0.0953125
0 0.36953125 0.10859375 0.0296875 0.0921875
0 0.78984375 0.30078125 0.0546875 0.1734375
0 0.8015625 0.38125 0.0359375 0.075
0 0.8375 0.3859375 0.0359375 0.08125
0 0.11640625 0.10546875 0.0421875 0.0890625
0 0.2625 0.07109375 0.03125 0.096875
0 0.46171875 0.09453125 0.0296875 0.08125
0 0.90703125 0.2796875 0.0375 0.0890625
0 0.71015625 0.02890625 0.040625 0.0578125