0 0.08828125 0.2875 0.1140625 0.33125
0 0.84375 0.20546875 0.0515625 0.209375
0 0.778125 0.646875 0.4109375 0.3421875
0 0.6265625 0.34609375 0.11875 0.3140625
0 0.66953125 0.059375 0.0734375 0.11875
0 0.20625 0.0328125 0.040625 0.0625
0 0.278125 0.5921875 0.4296875 0.4328125
0 0.7109375 0.059375 0.0390625 0.11875
0 0.47890625 0.01171875 0.0421875 0.0234375
0 0.57421875 0.0328125 0.0625 0.065625
0 0.80390625 0.03359375 0.040625 0.0609375
0 0.4203125 0.05234375 0.053125 0.1015625
0 0.34140625 0.03046875 0.04375 0.0609375