0 0.44296875 0.40234375 0.2 0.571875
0 0.3625 0.66015625 0.028125 0.134375
0 0.08984375 0.66953125 0.05 0.09375
0 0.39921875 0.63046875 0.0203125 0.096875
0 0.33828125 0.6515625 0.025 0.1390625
0 0.32890625 0.60625 0.0140625 0.0328125
0 0.3109375 0.66484375 0.046875 0.140625
0 0.17578125 0.67265625 0.0296875 0.125
0 0.2234375 0.65625 0.028125 0.125
0 0.14765625 0.6625 0.0296875 0.1390625
0 0.03515625 0.68671875 0.0453125 0.1390625
0 0.0625 0.7671875 0.046875 0.1359375
0 0.38125 0.62578125 0.025 0.10625