0 0.7515625 0.77890625 0.028125 0.16875
0 0.66015625 0.70234375 0.0234375 0.1265625
0 0.640625 0.74453125 0.0203125 0.128125
0 0.5890625 0.73125 0.01875 0.090625
0 0.13984375 0.78359375 0.0375 0.15
0 0.1984375 0.71875 0.015625 0.0640625
0 0.11875 0.77890625 0.1015625 0.2546875
0 0.7828125 0.79921875 0.0625 0.284375
0 0.05703125 0.73984375 0.028125 0.0734375
0 0.34609375 0.7671875 0.046875 0.2015625
0 0.44765625 0.68671875 0.0234375 0.0359375
0 0.6 0.75390625 0.0421875 0.115625
0 0.840625 0.78046875 0.0375 0.190625