0 0.4453125 0.84609375 0.2109375 0.2859375
0 0.1234375 0.7640625 0.24375 0.4421875
0 0.74609375 0.92890625 0.23125 0.1140625
0 0.93671875 0.7875 0.0640625 0.325
0 0.88671875 0.92421875 0.1515625 0.14375
0 0.8625 0.7421875 0.128125 0.2953125
0 0.8078125 0.70859375 0.1015625 0.2015625
0 0.9546875 0.69140625 0.0671875 0.2078125
0 0.29609375 0.82890625 0.1609375 0.3203125
0 0.75859375 0.8265625 0.10625 0.184375
0 0.78515625 0.62265625 0.05625 0.096875
0 0.67734375 0.77890625 0.109375 0.3453125
0 0.15546875 0.6203125 0.0390625 0.059375