0 0.921875 0.65625 0.1265625 0.5859375
0 0.78515625 0.615625 0.0703125 0.2859375
0 0.721875 0.44453125 0.01875 0.071875
0 0.3578125 0.74296875 0.078125 0.1296875
0 0.68203125 0.43671875 0.009375 0.0453125
0 0.61484375 0.4703125 0.01875 0.075
0 0.34375 0.60390625 0.028125 0.1140625
0 0.3046875 0.575 0.015625 0.059375
0 0.09609375 0.63671875 0.040625 0.065625
0 0.10703125 0.5796875 0.0203125 0.0625
0 0.16328125 0.575 0.0203125 0.06875
0 0.22109375 0.575 0.0296875 0.0625
0 0.75625 0.4703125 0.0234375 0.096875