0 0.678125 0.43828125 0.2265625 0.2203125
0 0.79765625 0.746875 0.2859375 0.2484375
0 0.2875 0.59765625 0.2125 0.3140625
0 0.3375 0.45234375 0.1640625 0.1578125
0 0.3140625 0.8875 0.1296875 0.2015625
0 0.16015625 0.46953125 0.15625 0.2828125
0 0.66875 0.57421875 0.209375 0.2265625
0 0.7046875 0.67578125 0.253125 0.2234375
0 0.90625 0.50234375 0.1109375 0.3875
0 0.43828125 0.58359375 0.125 0.2453125
0 0.9 0.87734375 0.1015625 0.2453125
0 0.65625 0.43515625 0.1578125 0.0921875
0 0.89375 0.39296875 0.0828125 0.3515625