0 0.69921875 0.6296875 0.246875 0.7203125
0 0.86875 0.4296875 0.115625 0.2984375
0 0.5046875 0.3546875 0.0640625 0.2796875
0 0.60078125 0.06796875 0.0515625 0.090625
0 0.6046875 0.0578125 0.0765625 0.1125
0 0.53984375 0.0625 0.0703125 0.1046875
0 0.45859375 0.07109375 0.05 0.0921875
0 0.41875 0.1453125 0.0609375 0.240625
0 0.321875 0.11015625 0.0671875 0.2203125
0 0.2890625 0.0765625 0.034375 0.0625
0 0.36171875 0.075 0.0375 0.071875
0 0.928125 0.0796875 0.065625 0.0671875
0 0.5203125 0.059375 0.021875 0.0421875