0 0.590625 0.778125 0.1828125 0.434375
0 0.68125 0.503125 0.11875 0.2296875
0 0.3953125 0.4578125 0.0953125 0.2015625
0 0.38515625 0.26875 0.1875 0.534375
0 0.90234375 0.546875 0.1890625 0.88125
0 0.59296875 0.290625 0.0671875 0.165625
0 0.5109375 0.36328125 0.075 0.1875
0 0.28984375 0.55234375 0.1015625 0.225
0 0.040625 0.3296875 0.08125 0.259375
0 0.0578125 0.59375 0.1125 0.784375
0 0.85703125 0.49296875 0.1015625 0.390625
0 0.1640625 0.365625 0.1203125 0.721875
0 0.6765625 0.71015625 0.08125 0.3359375