0 0.28359375 0.94140625 0.071875 0.1171875
0 0.16796875 0.9296875 0.0671875 0.140625
0 0.0234375 0.925 0.046875 0.1234375
0 0.04921875 0.91953125 0.0265625 0.0859375
0 0.91328125 0.94609375 0.0390625 0.103125
0 0.69296875 0.94375 0.053125 0.0796875
0 0.95234375 0.95078125 0.0265625 0.0984375
0 0.96015625 0.934375 0.028125 0.0859375
0 0.46640625 0.9453125 0.0234375 0.109375
0 0.50390625 0.94375 0.025 0.1125
0 0.125 0.95078125 0.0453125 0.0984375
0 0.42109375 0.94140625 0.0328125 0.1125
0 0.365625 0.9625 0.08125 0.075
0 0.3375 0.93515625 0.0296875 0.11484375
0 0.8546875 0.9359375 0.05234375 0.128125