0 0.35625 0.6234375 0.521875 0.571875
0 0.53984375 0.328125 0.103125 0.15
0 0.8921875 0.36640625 0.128125 0.09375
0 0.16171875 0.22734375 0.2078125 0.184375
0 0.3734375 0.3234375 0.11875 0.121875
0 0.73203125 0.32109375 0.1359375 0.1125
0 0.6390625 0.27421875 0.13125 0.1546875
0 0.61484375 0.3640625 0.1984375 0.1109375
0 0.31640625 0.2140625 0.128125 0.1578125
0 0.14140625 0.3734375 0.15 0.109375
0 0.28203125 0.378125 0.1375 0.096875
0 0.7390625 0.2140625 0.1234375 0.1359375
0 0.925 0.27265625 0.15 0.2734375