0 0.49921875 0.85703125 0.0515625 0.0859375
0 0.9671875 0.89375 0.065625 0.2125
0 0.340625 0.8046875 0.0765625 0.165625
0 0.16484375 0.884375 0.2109375 0.23125
0 0.103125 0.8390625 0.0609375 0.1359375
0 0.82109375 0.8078125 0.0375 0.0734375
0 0.7203125 0.7890625 0.0234375 0.0375
0 0.26796875 0.840625 0.08125 0.159375
0 0.578125 0.7875 0.0296875 0.0515625
0 0.8 0.78828125 0.0328125 0.0515625
0 0.67109375 0.7890625 0.0296875 0.0421875
0 0.4671875 0.79140625 0.0203125 0.0359375
0 0.7609375 0.7796875 0.0390625 0.053125