0 0.95625 0.5515625 0.0875 0.3421875
0 0.89453125 0.734375 0.134375 0.328125
0 0.86796875 0.52578125 0.09375 0.2953125
0 0.69375 0.5734375 0.340625 0.721875
0 0.5265625 0.6734375 0.15625 0.2671875
0 0.321875 0.7 0.2578125 0.4421875
0 0.11953125 0.68359375 0.2296875 0.478125
0 0.46875 0.51484375 0.0765625 0.20625
0 0.95703125 0.70859375 0.0859375 0.353125
0 0.93515625 0.4671875 0.0453125 0.1
0 0.7828125 0.7203125 0.11875 0.328125
0 0.0296875 0.51953125 0.059375 0.2875
0 0.6125 0.50703125 0.0671875 0.346875