0 0.16875 0.7125 0.0703125 0.2234375
0 0.08671875 0.74453125 0.0328125 0.1328125
0 0.340625 0.73125 0.009375 0.0296875
0 0.315625 0.72265625 0.009375 0.03125
0 0.37109375 0.73125 0.0078125 0.0375
0 0.29765625 0.73359375 0.0125 0.0296875
0 0.0234375 0.71484375 0.0109375 0.0375
0 0.32578125 0.73046875 0.00625 0.0203125
0 0.37890625 0.72734375 0.0078125 0.0390625
0 0.5921875 0.71484375 0.00625 0.025
0 0.1140625 0.71640625 0.0109375 0.04375
0 0.296875 0.72421875 0.009375 0.0390625
0 0.57265625 0.71484375 0.009375 0.0265625