0 0.54921875 0.68984375 0.078125 0.3296875
0 0.61640625 0.6921875 0.0703125 0.3328125
0 0.79140625 0.6625 0.0890625 0.5125
0 0.72890625 0.60546875 0.0390625 0.2765625
0 0.6546875 0.59375 0.0578125 0.3
0 0.56875 0.5265625 0.0625 0.1515625
0 0.50234375 0.5875 0.0609375 0.2453125
0 0.93046875 0.6109375 0.0609375 0.3046875
0 0.52890625 0.46875 0.0421875 0.0796875
0 0.54375 0.503125 0.0203125 0.0515625
0 0.9 0.64140625 0.065625 0.3140625
0 0.61953125 0.5 0.034375 0.0625
0 0.8421875 0.5984375 0.0609375 0.3140625