0 0.575 0.78515625 0.1046875 0.19375
0 0.89921875 0.74921875 0.0640625 0.1875
0 0.815625 0.6984375 0.0984375 0.0890625
0 0.73671875 0.7046875 0.0796875 0.18125
0 0.1125 0.759375 0.0890625 0.1953125
0 0.34140625 0.71875 0.0875 0.2
0 0.79765625 0.7265625 0.0671875 0.1734375
0 0.046875 0.74921875 0.0703125 0.1953125
0 0.38046875 0.7125 0.0328125 0.1421875
0 0.175 0.72578125 0.0515625 0.1640625
0 0.23359375 0.728125 0.0796875 0.16875
0 0.86328125 0.7015625 0.0375 0.0828125
0 0.64609375 0.7328125 0.0484375 0.1375