0 0.3921875 0.36328125 0.0390625 0.09375
0 0.3875 0.4625 0.0953125 0.1109375
0 0.7546875 0.67421875 0.084375 0.209375
0 0.9328125 0.734375 0.0515625 0.125
0 0.375 0.31171875 0.040625 0.0828125
0 0.35703125 0.9234375 0.175 0.103125
0 0.4953125 0.98203125 0.021875 0.0359375
0 0.62578125 0.96484375 0.0328125 0.065625
0 0.0296875 0.9328125 0.059375 0.103125
0 0.81953125 0.9578125 0.096875 0.059375
0 0.23671875 0.9375 0.0265625 0.0515625
0 0.928125 0.9625 0.071875 0.05
0 0.725 0.96484375 0.0359375 0.040625