0 0.62265625 0.65703125 0.0703125 0.1640625
0 0.7265625 0.659375 0.1109375 0.1609375
0 0.31015625 0.81640625 0.165625 0.2640625
0 0.9125 0.665625 0.084375 0.165625
0 0.80859375 0.6234375 0.021875 0.05
0 0.55078125 0.66171875 0.065625 0.1421875
0 0.1921875 0.71328125 0.0609375 0.0984375
0 0.125 0.7046875 0.09375 0.1015625
0 0.6828125 0.63984375 0.0421875 0.0984375
0 0.05390625 0.671875 0.0734375 0.175
0 0.50390625 0.66640625 0.0421875 0.09375
0 0.1109375 0.6875 0.075 0.0984375
0 0.94921875 0.6375 0.0421875 0.11875