0 0.10234375 0.63125 0.10625 0.134375
0 0.59140625 0.5 0.4328125 1
0 0.934375 0.4609375 0.0734375 0.15
0 0.96640625 0.35546875 0.065625 0.1578125
0 0.8984375 0.371875 0.075 0.125
0 0.7390625 0.29453125 0.1015625 0.13125
0 0.18359375 0.59765625 0.1375 0.209375
0 0.27109375 0.56015625 0.1171875 0.265625
0 0.39453125 0.62578125 0.090625 0.125
0 0.5875 0.5109375 0.0734375 0.1203125
0 0.94765625 0.5984375 0.1046875 0.1453125
0 0.6390625 0.47734375 0.0921875 0.1625
0 0.66328125 0.5890625 0.0859375 0.1671875