0 0.76796875 0.6140625 0.246875 0.603125
0 0.31015625 0.75078125 0.025 0.1
0 0.16640625 0.8359375 0.0140625 0.0328125
0 0.49375 0.66875 0.0125 0.028125
0 0.53828125 0.6453125 0.0140625 0.0390625
0 0.6453125 0.5828125 0.015625 0.04375
0 0.82578125 0.490625 0.0234375 0.053125
0 0.9 0.44921875 0.025 0.046875
0 0.325 0.7390625 0.0296875 0.1
0 0.96171875 0.41953125 0.021875 0.04375
0 0.22734375 0.81171875 0.0171875 0.01875
0 0.91328125 0.44453125 0.0140625 0.04375
0 0.18828125 0.82109375 0.0140625 0.0375