0 0.4359375 0.884375 0.0421875 0.15625
0 0.3453125 0.921875 0.053125 0.08125
0 0.7 0.7375 0.00625 0.0203125
0 0.50546875 0.73515625 0.00625 0.0203125
0 0.51015625 0.73046875 0.009375 0.0359375
0 0.5390625 0.734375 0.00625 0.025
0 0.06015625 0.73515625 0.0125 0.0171875
0 0.74296875 0.73359375 0.003125 0.025
0 0.96953125 0.74765625 0.0078125 0.03125
0 0.871875 0.740625 0.0078125 0.0265625
0 0.07734375 0.70546875 0.00625 0.0171875
0 0.99453125 0.73828125 0.0078125 0.0140625
0 0.9859375 0.709375 0.0078125 0.03125