0 0.7828125 0.59375 0.2546875 0.503125
0 0.4609375 0.4421875 0.034375 0.046875
0 0.646875 0.40859375 0.0515625 0.1109375
0 0.5265625 0.38515625 0.0640625 0.1125
0 0.471875 0.40703125 0.0046875 0.10625
0 0.42421875 0.40390625 0.05625 0.115625
0 0.25234375 0.371875 0.0578125 0.0875
0 0.52734375 0.4203125 0.0578125 0.0890625
0 0.1546875 0.34765625 0.04375 0.084375
0 0.81015625 0.4046875 0.046875 0.0984375
0 0.1234375 0.39765625 0.071875 0.0875
0 0.421875 0.3640625 0.075 0.15
0 0.58125 0.409375 0.0421875 0.06875