0 0.94765625 0.42421875 0.0703125 0.3703125
0 0.88671875 0.378125 0.1 0.28125
0 0.71875 0.41015625 0.0796875 0.221875
0 0.6578125 0.2796875 0.0828125 0.2125
0 0.52734375 0.26796875 0.0734375 0.1984375
0 0.02734375 0.4203125 0.0546875 0.196875
0 0.42890625 0.37265625 0.090625 0.19375
0 0.50625 0.378125 0.128125 0.2109375
0 0.58125 0.5640625 0.09375 0.46875
0 0.56015625 0.26015625 0.0640625 0.253125
0 0.2125 0.59765625 0.14921875 0.49375
0 0.79921875 0.61953125 0.1296875 0.7609375
0 0.3359375 0.3546875 0.06640625 0.1234375