0 0.25546875 0.66484375 0.3453125 0.66875
0 0.61171875 0.71015625 0.3875 0.5796875
0 0.81015625 0.49609375 0.25625 0.5
0 0.91015625 0.74375 0.1703125 0.46875
0 0.5703125 0.46484375 0.228125 0.4578125
0 0.371875 0.5125 0.19375 0.5984375
0 0.24296875 0.29765625 0.1546875 0.2
0 0.11171875 0.31796875 0.109375 0.1875
0 0.075 0.51484375 0.103125 0.6953125
0 0.58203125 0.21171875 0.0828125 0.1203125
0 0.68828125 0.30390625 0.165625 0.24375
0 0.86640625 0.28984375 0.1234375 0.1921875
0 0.7640625 0.25546875 0.0921875 0.2296875