0 0.484375 0.54453125 0.090625 0.2890625
0 0.7796875 0.16796875 0.0625 0.0640625
0 0.2625 0.21484375 0.0515625 0.2390625
0 0.8234375 0.125 0.05 0.0640625
0 0.878125 0.11640625 0.0046875 0.06875
0 0.85546875 0.10859375 0.0359375 0.06875
0 0.7421875 0.090625 0.053125 0.1015625
0 0.70234375 0.040625 0.046875 0.0765625
0 0.66875 0.040625 0.0453125 0.08125
0 0.63046875 0.03984375 0.0359375 0.0703125
0 0.590625 0.03515625 0.0609375 0.06875
0 0.3640625 0.03359375 0.0578125 0.0625
0 0.92109375 0.121875 0.053125 0.0890625