0 0.19296875 0.65703125 0.178125 0.3578125
0 0.440625 0.60078125 0.1546875 0.4453125
0 0.49453125 0.5328125 0.175 0.475
0 0.825 0.53359375 0.2453125 0.5359375
0 0.2859375 0.49296875 0.046875 0.196875
0 0.23203125 0.528125 0.03125 0.103125
0 0.1859375 0.51640625 0.0265625 0.1359375
0 0.7359375 0.49921875 0.040625 0.2203125
0 0.04296875 0.5171875 0.04375 0.1890625
0 0.15390625 0.47890625 0.0296875 0.0625
0 0.9046875 0.49609375 0.1703125 0.1609375
0 0.11015625 0.440625 0.0421875 0.0625
0 0.0703125 0.43828125 0.0359375 0.065625