0 0.4453125 0.578125 0.2140625 0.5671875
0 0.5984375 0.40546875 0.0515625 0.1171875
0 0.18203125 0.403125 0.0359375 0.109375
0 0.1046875 0.39453125 0.0390625 0.1234375
0 0.08828125 0.3890625 0.01875 0.0671875
0 0.6671875 0.44140625 0.028125 0.04375
0 0.79453125 0.4015625 0.0359375 0.09375
0 0.87421875 0.4125 0.0375 0.0671875
0 0.3203125 0.38515625 0.021875 0.025
0 0.246875 0.41015625 0.040625 0.1234375
0 0.2125 0.4109375 0.040625 0.121875
0 0.21796875 0.44921875 0.034375 0.046875
0 0.55625 0.421875 0.034375 0.0890625