0 0.27890625 0.5921875 0.046875 0.165625
0 0.2375 0.60625 0.365625 0.5234375
0 0.44296875 0.53984375 0.075 0.2703125
0 0.87109375 0.53046875 0.053125 0.2484375
0 0.6046875 0.584375 0.0609375 0.1890625
0 0.6640625 0.5546875 0.096875 0.2265625
0 0.671875 0.41015625 0.0390625 0.0796875
0 0.775 0.58046875 0.0625 0.165625
0 0.93203125 0.540625 0.0640625 0.240625
0 0.0421875 0.25703125 0.05 0.1875
0 0.084375 0.25234375 0.05 0.1703125
0 0.5734375 0.2671875 0.0390625 0.09375
0 0.1234375 0.21171875 0.0265625 0.053125