0 0.796875 0.2578125 0.046875 0.1625
0 0.60078125 0.54609375 0.2609375 0.709375
0 0.23984375 0.25390625 0.0453125 0.1640625
0 0.4734375 0.29140625 0.0625 0.1890625
0 0.34296875 0.38984375 0.103125 0.1453125
0 0.30546875 0.2953125 0.028125 0.0609375
0 0.4265625 0.34453125 0.046875 0.13125
0 0.39609375 0.6828125 0.396875 0.634375
0 0.859375 0.21875 0.0328125 0.0796875
0 0.39296875 0.3546875 0.0796875 0.1390625
0 0.353125 0.353125 0.040625 0.09375
0 0.09375 0.1984375 0.05625 0.1046875
0 0.10703125 0.6328125 0.2140625 0.734375