0 0.22109375 0.79765625 0.0453125 0.1578125
0 0.6546875 0.70234375 0.01875 0.078125
0 0.29296875 0.7765625 0.03125 0.159375
0 0.84375 0.80078125 0.05 0.175
0 0.146875 0.80234375 0.05 0.190625
0 0.62421875 0.79296875 0.05625 0.184375
0 0.11015625 0.78828125 0.0421875 0.1625
0 0.37578125 0.7671875 0.0359375 0.1
0 0.74296875 0.784375 0.03125 0.165625
0 0.59765625 0.725 0.03125 0.090625
0 0.60625 0.78125 0.0203125 0.165625
0 0.8796875 0.79765625 0.0515625 0.159375
0 0.7171875 0.784375 0.0375 0.18125