0 0.5078125 0.64296875 0.0921875 0.140625
0 0.7125 0.82265625 0.121875 0.2625
0 0.81328125 0.725 0.1296875 0.1640625
0 0.1359375 0.52265625 0.0359375 0.075
0 0.540625 0.490625 0.0171875 0.0296875
0 0.53203125 0.51875 0.0234375 0.0734375
0 0.3078125 0.53515625 0.071875 0.096875
0 0.2921875 0.5953125 0.05625 0.05
0 0.6171875 0.53046875 0.0296875 0.0859375
0 0.59375 0.52890625 0.03125 0.084375
0 0.5734375 0.52109375 0.021875 0.0828125
0 0.559375 0.51796875 0.021875 0.075
0 0.47734375 0.4609375 0.0234375 0.04375