0 0.22421875 0.73203125 0.1265625 0.434375
0 0.98828125 0.571875 0.0234375 0.175
0 0.13046875 0.60859375 0.0359375 0.1515625
0 0.9265625 0.58125 0.0375 0.121875
0 0.840625 0.578125 0.0421875 0.134375
0 0.05625 0.60625 0.0359375 0.125
0 0.61171875 0.5578125 0.0125 0.05
0 0.58515625 0.55859375 0.0125 0.059375
0 0.3265625 0.5609375 0.0125 0.0515625
0 0.1765625 0.55546875 0.0171875 0.0328125
0 0.303125 0.5609375 0.0125 0.046875
0 0.6 0.55546875 0.015625 0.059375
0 0.61875 0.5671875 0.003125 0.0328125