0 0.096875 0.27109375 0.04375 0.1734375
0 0.20390625 0.1140625 0.078125 0.125
0 0.6 0.09609375 0.0453125 0.0484375
0 0.03671875 0.384375 0.0640625 0.1671875
0 0.7796875 0.08984375 0.034375 0.0625
0 0.50703125 0.1046875 0.040625 0.0421875
0 0.57421875 0.1 0.0359375 0.0453125
0 0.4609375 0.06875 0.0375 0.0953125
0 0.86171875 0.09296875 0.0359375 0.0484375
0 0.92734375 0.08671875 0.0296875 0.0484375
0 0.9546875 0.08359375 0.021875 0.053125
0 0.21015625 0.08828125 0.059375 0.1171875
0 0.06015625 0.46875 0.05625 0.2328125
0 0.48984375 0.47734375 0.08515625 0.23046875