0 0.12734375 0.40078125 0.0390625 0.1578125
0 0.47890625 0.43203125 0.0703125 0.1265625
0 0.42890625 0.38203125 0.046875 0.0796875
0 0.178125 0.39921875 0.0890625 0.2046875
0 0.31875 0.459375 0.059375 0.06875
0 0.915625 0.25546875 0.078125 0.0625
0 0.66796875 0.525 0.3640625 0.8265625
0 0.26328125 0.43359375 0.078125 0.13125
0 0.02265625 0.46875 0.0375 0.0515625
0 0.23125 0.27421875 0.065625 0.1140625
0 0.1671875 0.259375 0.053125 0.08125
0 0.1015625 0.471875 0.0359375 0.0453125
0 0.02890625 0.121875 0.0578125 0.2203125