0 0.3703125 0.68359375 0.446875 0.6015625
0 0.63359375 0.778125 0.1421875 0.3765625
0 0.559375 0.70859375 0.0453125 0.1328125
0 0.1515625 0.72890625 0.0125 0.05625
0 0.1203125 0.721875 0.0359375 0.1421875
0 0.89375 0.62265625 0.015625 0.06875
0 0.70859375 0.69765625 0.028125 0.1015625
0 0.61015625 0.73203125 0.021875 0.0625
0 0.08515625 0.72734375 0.0140625 0.0609375
0 0.17578125 0.73359375 0.015625 0.0515625
0 0.09296875 0.72890625 0.0140625 0.0578125
0 0.51796875 0.73203125 0.0078125 0.0140625
0 0.059375 0.72109375 0.040625 0.1140625