0 0.50546875 0.44921875 0.096875 0.1640625
0 0.0703125 0.5375 0.140625 0.25625
0 0.40234375 0.228125 0.0171875 0.0546875
0 0.6453125 0.18203125 0.0125 0.05
0 0.11953125 0.265625 0.009375 0.0359375
0 0.21171875 0.2625 0.0109375 0.0421875
0 0.02734375 0.28359375 0.015625 0.0515625
0 0.06796875 0.27421875 0.009375 0.0328125
0 0.6390625 0.18125 0.00625 0.03125
0 0.496875 0.1859375 0.0078125 0.028125
0 0.46015625 0.21328125 0.0109375 0.05
0 0.3890625 0.2296875 0.0109375 0.05
0 0.20078125 0.26328125 0.0171875 0.0453125