0 0.425 0.684375 0.021875 0.0890625
0 0.45 0.65390625 0.015625 0.05
0 0.4734375 0.64453125 0.009375 0.0296875
0 0.25078125 0.81484375 0.1015625 0.3359375
0 0.540625 0.70234375 0.0375 0.1140625
0 0.58515625 0.70078125 0.028125 0.075
0 0.6140625 0.69375 0.025 0.0953125
0 0.58984375 0.609375 0.0140625 0.0484375
0 0.80625 0.746875 0.06875 0.1828125
0 0.025 0.66484375 0.0203125 0.0609375
0 0.6953125 0.65234375 0.01875 0.0484375
0 0.88203125 0.675 0.0265625 0.0609375
0 0.9265625 0.678125 0.0234375 0.0578125