0 0.2234375 0.47421875 0.3140625 0.8546875
0 0.4515625 0.4765625 0.2828125 0.8984375
0 0.62421875 0.50234375 0.309375 0.85625
0 0.95625 0.38828125 0.0875 0.3421875
0 0.921875 0.17109375 0.1421875 0.121875
0 0.7765625 0.2859375 0.1140625 0.15625
0 0.82734375 0.184375 0.0859375 0.090625
0 0.5546875 0.06640625 0.090625 0.0828125
0 0.3359375 0.175 0.103125 0.1390625
0 0.89375 0.43671875 0.1703125 0.121875
0 0.72734375 0.14609375 0.140625 0.1921875
0 0.8078125 0.3953125 0.0828125 0.1046875
0 0.03515625 0.31953125 0.0703125 0.0890625