0 0.4421875 0.74609375 0.0265625 0.0953125
0 0.42578125 0.70234375 0.01875 0.059375
0 0.01015625 0.69375 0.0140625 0.0671875
0 0.37890625 0.5265625 0.03125 0.084375
0 0.33984375 0.8875 0.03125 0.0984375
0 0.18828125 0.66015625 0.01875 0.0921875
0 0.4328125 0.32578125 0.0125 0.0671875
0 0.45234375 0.33125 0.0125 0.0640625
0 0.4953125 0.321875 0.0140625 0.0640625
0 0.6671875 0.32578125 0.009375 0.053125
0 0.46875 0.69921875 0.0203125 0.0953125
0 0.2421875 0.7203125 0.0234375 0.0984375
0 0.1609375 0.68125 0.0265625 0.0953125