0 0.78671875 0.80078125 0.040625 0.0453125
0 0.71875 0.78046875 0.0296875 0.0796875
0 0.3671875 0.703125 0.0125 0.0359375
0 0.76640625 0.77734375 0.0203125 0.0828125
0 0.31640625 0.68671875 0.00625 0.01875
0 0.8828125 0.778125 0.0171875 0.03125
0 0.61796875 0.68828125 0.009375 0.0171875
0 0.60625 0.690625 0.00625 0.0140625
0 0.29921875 0.68828125 0.0078125 0.0203125
0 0.25078125 0.70859375 0.0109375 0.0265625
0 0.5828125 0.67265625 0.009375 0.0140625
0 0.44296875 0.73671875 0.0140625 0.0328125
0 0.21953125 0.73984375 0.0125 0.0453125