0 0.8375 0.478125 0.0515625 0.2640625
0 0.68203125 0.5140625 0.0765625 0.253125
0 0.728125 0.546875 0.0734375 0.3359375
0 0.7625 0.50390625 0.065625 0.3390625
0 0.6390625 0.6609375 0.1640625 0.6421875
0 0.8859375 0.4765625 0.071875 0.35625
0 0.9296875 0.478125 0.0890625 0.3859375
0 0.9796875 0.40390625 0.040625 0.35625
0 0.2859375 0.7625 0.125 0.45
0 0.8578125 0.34609375 0.0171875 0.06875
0 0.9328125 0.31640625 0.01875 0.0328125
0 0.840625 0.3640625 0.0203125 0.0890625
0 0.8125 0.38046875 0.01875 0.0671875