0 0.353125 0.56015625 0.0546875 0.1984375
0 0.390625 0.57109375 0.0625 0.225
0 0.6875 0.67265625 0.090625 0.29375
0 0.4609375 0.490625 0.0359375 0.1375
0 0.496875 0.49921875 0.0234375 0.1265625
0 0.7328125 0.60546875 0.0640625 0.225
0 0.7671875 0.56875 0.05625 0.2078125
0 0.8046875 0.55546875 0.0546875 0.14375
0 0.6078125 0.49609375 0.0453125 0.1375
0 0.85 0.771875 0.1234375 0.4328125
0 0.39375 0.43671875 0.0265625 0.0515625
0 0.984375 0.665625 0.03125 0.1046875
0 0.41875 0.52109375 0.03125 0.1171875