0 0.82578125 0.60078125 0.0046875 0.196875
0 0.6265625 0.63671875 0.03125 0.1625
0 0.59765625 0.6171875 0.015625 0.109375
0 0.9765625 0.6765625 0.046875 0.2796875
0 0.778125 0.64296875 0.0578125 0.209375
0 0.64765625 0.6171875 0.01875 0.109375
0 0.57109375 0.6125 0.03125 0.1015625
0 0.74921875 0.634375 0.0328125 0.15625
0 0.20234375 0.59296875 0.01875 0.071875
0 0.83984375 0.6296875 0.0359375 0.203125
0 0.903125 0.634375 0.046875 0.2125
0 0.5046875 0.6046875 0.015625 0.096875
0 0.19375 0.5890625 0.0140625 0.0734375