0 0.4921875 0.49296875 0.259375 0.296875
0 0.22734375 0.05234375 0.0984375 0.0875
0 0.49453125 0.1171875 0.1234375 0.1203125
0 0.79296875 0.0828125 0.109375 0.1625
0 0.21171875 0.33515625 0.221875 0.2875
0 0.0734375 0.52265625 0.146875 0.2140625
0 0.92421875 0.34296875 0.1515625 0.209375
0 0.34765625 0.25703125 0.1140625 0.084375
0 0.09609375 0.26640625 0.1515625 0.0953125
0 0.34453125 0.071875 0.0796875 0.103125
0 0.9359375 0.03828125 0.1078125 0.0765625
0 0.4734375 0.91171875 0.253125 0.15
0 0.5359375 0.271875 0.215625 0.1125