0 0.49609375 0.38984375 0.05625 0.11875
0 0.90703125 0.5390625 0.096875 0.3375
0 0.1203125 0.43828125 0.0625 0.1484375
0 0.2453125 0.3453125 0.0140625 0.015625
0 0.178125 0.42734375 0.046875 0.1859375
0 0.45546875 0.409375 0.1265625 0.2015625
0 0.06015625 0.42890625 0.0515625 0.2203125
0 0.96015625 0.53984375 0.0453125 0.3484375
0 0.30703125 0.40859375 0.046875 0.1203125
0 0.36015625 0.40703125 0.0515625 0.109375
0 0.3984375 0.38203125 0.01875 0.071875
0 0.21015625 0.3703125 0.0203125 0.0609375
0 0.321875 0.36953125 0.0203125 0.05