0 0.53046875 0.43828125 0.0203125 0.0609375
0 0.496875 0.59609375 0.1234375 0.0609375
0 0.33359375 0.58125 0.05 0.05625
0 0.06015625 0.68046875 0.046875 0.0515625
0 0.0234375 0.66953125 0.0453125 0.0765625
0 0.18984375 0.459375 0.0390625 0.0625
0 0.3890625 0.43515625 0.0109375 0.01875
0 0.63125 0.41875 0.00625 0.025
0 0.6828125 0.41953125 0.00625 0.0203125
0 0.86640625 0.43203125 0.009375 0.0125
0 0.25546875 0.44765625 0.009375 0.0109375
0 0.3265625 0.453125 0.0078125 0.00625
0 0.35390625 0.43515625 0.0078125 0.0109375