0 0.32890625 0.6 0.215625 0.4625
0 0.71796875 0.5 0.090625 0.2046875
0 0.603125 0.46875 0.028125 0.0421875
0 0.678125 0.39453125 0.0625 0.1296875
0 0.8921875 0.190625 0.05625 0.1015625
0 0.946875 0.31953125 0.0640625 0.09375
0 0.546875 0.028125 0.053125 0.0515625
0 0.61171875 0.4 0.0734375 0.13125
0 0.75859375 0.390625 0.0828125 0.1265625
0 0.87578125 0.3921875 0.0640625 0.125
0 0.93984375 0.39453125 0.05625 0.1203125
0 0.81328125 0.24375 0.0515625 0.0984375
0 0.81328125 0.31953125 0.0546875 0.1125