0 0.64453125 0.33671875 0.0828125 0.2234375
0 0.88203125 0.22734375 0.00625 0.028125
0 0.4078125 0.375 0.0984375 0.1359375
0 0.05390625 0.30234375 0.065625 0.178125
0 0.584375 0.29765625 0.0734375 0.259375
0 0.16328125 0.3140625 0.059375 0.0890625
0 0.24765625 0.34609375 0.071875 0.1765625
0 0.1625 0.19765625 0.165625 0.2703125
0 0.31796875 0.32578125 0.0671875 0.190625
0 0.25625 0.2625 0.0390625 0.103125
0 0.0515625 0.24140625 0.009375 0.0359375
0 0.1203125 0.3703125 0.075 0.1640625
0 0.69609375 0.328125 0.0578125 0.1765625