0 0.32421875 0.85390625 0.15 0.2234375
0 0.49765625 0.875 0.06875 0.1359375
0 0.390625 0.7328125 0.0296875 0.0515625
0 0.58828125 0.86015625 0.0875 0.184375
0 0.95859375 0.79296875 0.05625 0.1359375
0 0.80703125 0.77421875 0.075 0.1453125
0 0.66640625 0.8359375 0.0875 0.20625
0 0.17890625 0.740625 0.034375 0.0234375
0 0.6890625 0.71796875 0.053125 0.059375
0 0.17578125 0.7078125 0.01875 0.0359375
0 0.11328125 0.6890625 0.0109375 0.01875
0 0.25625 0.81484375 0.0984375 0.2546875
0 0.4359375 0.72109375 0.034375 0.0734375