0 0.31953125 0.67109375 0.0296875 0.0890625
0 0.36796875 0.671875 0.0328125 0.08125
0 0.58359375 0.68515625 0.0234375 0.10625
0 0.28515625 0.709375 0.04375 0.1390625
0 0.34609375 0.684375 0.025 0.0515625
0 0.3515625 0.64296875 0.0203125 0.0515625
0 0.659375 0.58515625 0.0140625 0.0328125
0 0.93671875 0.53359375 0.0046875 0.0171875
0 0.553125 0.60859375 0.0109375 0.0296875
0 0.709375 0.57578125 0.0078125 0.03125
0 0.9078125 0.55859375 0.0109375 0.01875
0 0.9015625 0.53828125 0.00625 0.0265625
0 0.14453125 0.65 0.0171875 0.04375