0 0.2234375 0.6921875 0.103125 0.2765625
0 0.6046875 0.58671875 0.06875 0.10625
0 0.16171875 0.5390625 0.03125 0.040625
0 0.128125 0.53515625 0.03125 0.05
0 0.1859375 0.53125 0.0296875 0.046875
0 0.22421875 0.5203125 0.025 0.0546875
0 0.30390625 0.52578125 0.0265625 0.046875
0 0.33671875 0.5328125 0.0359375 0.03125
0 0.103125 0.5390625 0.0296875 0.0453125
0 0.76953125 0.5203125 0.01875 0.0359375
0 0.0765625 0.50703125 0.0390625 0.071875
0 0.025 0.53828125 0.0328125 0.0609375
0 0.0796875 0.54765625 0.0265625 0.0359375