0 0.15390625 0.73046875 0.028125 0.0859375
0 0.125 0.746875 0.021875 0.053125
0 0.434375 0.72734375 0.028125 0.103125
0 0.26171875 0.68125 0.0765625 0.365625
0 0.71953125 0.7515625 0.0140625 0.046875
0 0.83359375 0.7375 0.0265625 0.090625
0 0.75625 0.746875 0.01875 0.0703125
0 0.6234375 0.7390625 0.03125 0.0859375
0 0.90546875 0.75390625 0.01875 0.0625
0 0.590625 0.7578125 0.0140625 0.025
0 0.99140625 0.746875 0.0171875 0.0796875
0 0.3046875 0.746875 0.0171875 0.028125
0 0.70625 0.75625 0.00625 0.028125