0 0.34140625 0.521875 0.0828125 0.1796875
0 0.4390625 0.49453125 0.0703125 0.1375
0 0.1125 0.625 0.1109375 0.178125
0 0.59765625 0.51015625 0.078125 0.08125
0 0.65546875 0.65 0.0984375 0.0765625
0 0.86171875 0.596875 0.04375 0.05625
0 0.9296875 0.6359375 0.0703125 0.034375
0 0.2515625 0.5234375 0.040625 0.0703125
0 0.090625 0.56796875 0.03125 0.0484375
0 0.79375 0.46953125 0.0140625 0.0375
0 0.65 0.54296875 0.0546875 0.09375
0 0.43046875 0.56171875 0.10625 0.1078125
0 0.84609375 0.4609375 0.0203125 0.0703125