0 0.30546875 0.53984375 0.175 0.8125
0 0.18671875 0.403125 0.171875 0.6671875
0 0.0875 0.4125 0.115625 0.3796875
0 0.06796875 0.17890625 0.0875 0.159375
0 0.4234375 0.37578125 0.146875 0.234375
0 0.5859375 0.32578125 0.08125 0.2109375
0 0.75390625 0.58671875 0.134375 0.3328125
0 0.878125 0.58515625 0.240625 0.7984375
0 0.89609375 0.18515625 0.0765625 0.084375
0 0.7296875 0.340625 0.0640625 0.1875
0 0.4046875 0.22578125 0.059375 0.109375
0 0.95078125 0.20625 0.0984375 0.1171875
0 0.5171875 0.33125 0.0515625 0.1875