0 0.5328125 0.6203125 0.046875 0.1421875
0 0.35078125 0.62265625 0.0375 0.1171875
0 0.3015625 0.6265625 0.0328125 0.1421875
0 0.43671875 0.59375 0.0171875 0.065625
0 0.42421875 0.5828125 0.0171875 0.1
0 0.5703125 0.590625 0.0296875 0.084375
0 0.75625 0.584375 0.0234375 0.090625
0 0.85625 0.5703125 0.0109375 0.01875
0 0.478125 0.5734375 0.0125 0.0578125
0 0.56328125 0.55703125 0.01875 0.0484375
0 0.940625 0.57578125 0.025 0.071875
0 0.49453125 0.60625 0.021875 0.0375
0 0.1640625 0.58046875 0.0140625 0.0578125