0 0.10390625 0.60859375 0.0359375 0.1296875
0 0.15234375 0.61328125 0.03125 0.1203125
0 0.190625 0.6515625 0.10625 0.3671875
0 0.4078125 0.60234375 0.0828125 0.325
0 0.54609375 0.6140625 0.0953125 0.4078125
0 0.659375 0.615625 0.065625 0.359375
0 0.93515625 0.54375 0.11875 0.4046875
0 0.30625 0.53671875 0.1828125 0.5671875
0 0.71015625 0.60859375 0.08125 0.3828125
0 0.1578125 0.54609375 0.0203125 0.03125
0 0.6046875 0.615625 0.06875 0.3734375
0 0.790625 0.58828125 0.0953125 0.428125
0 0.05078125 0.83046875 0.0953125 0.30625
0 0.071875 0.61015625 0.05 0.16640625
0 0.03515625 0.64296875 0.0453125 0.1375