0 0.2359375 0.621875 0.2203125 0.66875
0 0.08984375 0.35390625 0.1015625 0.5734375
0 0.10390625 0.2109375 0.1359375 0.421875
0 0.04140625 0.2 0.08125 0.4
0 0.57734375 0.4734375 0.1796875 0.6875
0 0.34609375 0.15546875 0.1265625 0.30625
0 0.93359375 0.71015625 0.1328125 0.5796875
0 0.45078125 0.2890625 0.103125 0.5296875
0 0.32734375 0.5640625 0.16875 0.63125
0 0.425 0.3546875 0.11875 0.5359375
0 0.25078125 0.1578125 0.0796875 0.30625
0 0.01328125 0.09609375 0.0265625 0.1640625
0 0.82421875 0.52109375 0.2625 0.7453125