0 0.16171875 0.46796875 0.153125 0.3546875
0 0.05625 0.709375 0.1125 0.2265625
0 0.21328125 0.69765625 0.1171875 0.2265625
0 0.28515625 0.69765625 0.1515625 0.3
0 0.396875 0.68515625 0.071875 0.2
0 0.87109375 0.19296875 0.09375 0.2140625
0 0.94296875 0.21328125 0.1140625 0.2203125
0 0.25703125 0.71953125 0.034375 0.0265625
0 0.51640625 0.11796875 0.1234375 0.2015625
0 0.23046875 0.20859375 0.0828125 0.2859375
0 0.059375 0.60546875 0.0046875 0.0734375
0 0.64765625 0.38984375 0.0828125 0.3640625
0 0.778125 0.17890625 0.1234375 0.2171875