0 0.615625 0.88515625 0.075 0.1890625
0 0.04765625 0.846875 0.0625 0.1140625
0 0.10625 0.846875 0.0546875 0.103125
0 0.08828125 0.81171875 0.0390625 0.0734375
0 0.76171875 0.81953125 0.0609375 0.0671875
0 0.3625 0.81015625 0.0296875 0.0578125
0 0.134375 0.82578125 0.0328125 0.0796875
0 0.69609375 0.86875 0.06875 0.1515625
0 0.01796875 0.8265625 0.0328125 0.1046875
0 0.1625 0.809375 0.0203125 0.0515625
0 0.55078125 0.88046875 0.1 0.209375
0 0.26484375 0.84765625 0.0578125 0.1109375
0 0.30234375 0.8015625 0.0203125 0.040625