0 0.284375 0.15703125 0.109375 0.1390625
0 0.18046875 0.65390625 0.2765625 0.5484375
0 0.540625 0.70546875 0.196875 0.3828125
0 0.68203125 0.66171875 0.24375 0.56875
0 0.959375 0.16875 0.08125 0.28125
0 0.8359375 0.209375 0.1265625 0.1359375
0 0.77109375 0.065625 0.0625 0.08125
0 0.3796875 0.15234375 0.0859375 0.1359375
0 0.471875 0.17734375 0.078125 0.16875
0 0.73671875 0.2125 0.103125 0.1703125
0 0.528125 0.203125 0.06875 0.1328125
0 0.06640625 0.10625 0.096875 0.1578125
0 0.5984375 0.2 0.0828125 0.1390625