0 0.321875 0.746875 0.121875 0.340625
0 0.8546875 0.33203125 0.0234375 0.0796875
0 0.72421875 0.82109375 0.10625 0.259375
0 0.9171875 0.51796875 0.075 0.18125
0 0.94921875 0.53671875 0.1015625 0.196875
0 0.8078125 0.38046875 0.0515625 0.1546875
0 0.503125 0.46484375 0.0578125 0.1328125
0 0.41875 0.71484375 0.103125 0.034375
0 0.69453125 0.37890625 0.053125 0.103125
0 0.76328125 0.2828125 0.0171875 0.00625
0 0.40234375 0.3609375 0.0390625 0.121875
0 0.22578125 0.49765625 0.0546875 0.178125
0 0.46171875 0.46328125 0.0546875 0.165625