0 0.0796875 0.33203125 0.0828125 0.26875
0 0.30859375 0.1984375 0.0625 0.0578125
0 0.540625 0.43828125 0.2515625 0.75625
0 0.65703125 0.43125 0.103125 0.2015625
0 0.803125 0.41484375 0.1078125 0.3828125
0 0.20703125 0.19921875 0.059375 0.0578125
0 0.86015625 0.20390625 0.0609375 0.0625
0 0.76328125 0.1984375 0.0671875 0.075
0 0.6734375 0.203125 0.1125 0.065625
0 0.47734375 0.43828125 0.3265625 0.778125
0 0.06875 0.1109375 0.0609375 0.090625
0 0.28515625 0.18046875 0.0046875 0.0921875
0 0.21875 0.17109375 0.0859375 0.1140625