0 0.2609375 0.74375 0.05 0.2125
0 0.325 0.75 0.0546875 0.1609375
0 0.19453125 0.75078125 0.0453125 0.175
0 0.090625 0.7375 0.040625 0.1671875
0 0.0578125 0.74453125 0.0046875 0.15
0 0.64453125 0.76796875 0.0296875 0.14375
0 0.04921875 0.73515625 0.0328125 0.13125
0 0.459375 0.75859375 0.0546875 0.1421875
0 0.2234375 0.76328125 0.0203125 0.0734375
0 0.4359375 0.728125 0.01875 0.01875
0 0.0109375 0.75 0.01875 0.1015625
0 0.0265625 0.73515625 0.028125 0.1359375
0 0.62109375 0.76015625 0.0328125 0.1375