0 0.6546875 0.5328125 0.6015625 0.5890625
0 0.94921875 0.49765625 0.090625 0.1171875
0 0.94140625 0.4109375 0.0984375 0.0765625
0 0.846875 0.42265625 0.1328125 0.1140625
0 0.5375 0.42109375 0.08125 0.0765625
0 0.4078125 0.41953125 0.165625 0.0703125
0 0.28671875 0.53984375 0.1359375 0.10625
0 0.28671875 0.6046875 0.1328125 0.1046875
0 0.4671875 0.62421875 0.165625 0.065625
0 0.89921875 0.51015625 0.1125 0.128125
0 0.1078125 0.6046875 0.1515625 0.1015625
0 0.16484375 0.55078125 0.1265625 0.0984375
0 0.7578125 0.19609375 0.0796875 0.0796875