0 0.50234375 0.73046875 0.3296875 0.5390625
0 0.421875 0.62890625 0.1015625 0.275
0 0.22890625 0.73203125 0.065625 0.396875
0 0.33203125 0.78203125 0.0828125 0.4078125
0 0.6390625 0.646875 0.025 0.1921875
0 0.740625 0.70390625 0.05625 0.25
0 0.9515625 0.77109375 0.096875 0.4140625
0 0.61875 0.634375 0.059375 0.2078125
0 0.3828125 0.653125 0.0515625 0.128125
0 0.37265625 0.584375 0.0421875 0.128125
0 0.7015625 0.71796875 0.0296875 0.1921875
0 0.1109375 0.5375 0.0453125 0.1171875
0 0.29453125 0.7359375 0.075 0.371875