0 0.63203125 0.63046875 0.0765625 0.134375
0 0.37578125 0.63359375 0.1046875 0.1265625
0 0.46796875 0.52265625 0.0421875 0.3046875
0 0.71953125 0.58203125 0.0375 0.1109375
0 0.1703125 0.64453125 0.0515625 0.0609375
0 0.4421875 0.59140625 0.034375 0.1015625
0 0.90859375 0.66328125 0.0796875 0.05
0 0.19453125 0.61640625 0.0296875 0.05
0 0.6703125 0.58125 0.0515625 0.18125
0 0.3859375 0.6421875 0.04375 0.059375
0 0.87265625 0.62578125 0.0203125 0.0515625
0 0.54140625 0.51640625 0.1984375 0.6078125
0 0.971875 0.62890625 0.05625 0.13125