0 0.53984375 0.30703125 0.0359375 0.0875
0 0.309375 0.53046875 0.3421875 0.76796875
0 0.721875 0.3140625 0.0265625 0.0796875
0 0.66171875 0.29609375 0.01875 0.05
0 0.78984375 0.31796875 0.0265625 0.0265625
0 0.81015625 0.31875 0.0203125 0.028125
0 0.8921875 0.30703125 0.015625 0.0453125
0 0.94296875 0.346875 0.0296875 0.034375
0 0.45625 0.2921875 0.0125 0.034375
0 0.6953125 0.31328125 0.01875 0.03125
0 0.1359375 0.27734375 0.021875 0.05625
0 0.2609375 0.26171875 0.0203125 0.015625
0 0.16171875 0.2828125 0.015625 0.0453125