0 0.09140625 0.79765625 0.18125 0.403125
0 0.8578125 0.775 0.2265625 0.4421875
0 0.8125 0.57109375 0.0671875 0.13125
0 0.69140625 0.5796875 0.0859375 0.1234375
0 0.60390625 0.6828125 0.1171875 0.203125
0 0.6125 0.5546875 0.0390625 0.0796875
0 0.32109375 0.54296875 0.0359375 0.1078125
0 0.38515625 0.6203125 0.096875 0.23125
0 0.7703125 0.53515625 0.05625 0.0890625
0 0.21875 0.621875 0.1078125 0.1796875
0 0.275 0.5875 0.075 0.175
0 0.11015625 0.5140625 0.05625 0.084375
0 0.5359375 0.859375 0.246875 0.28125
0 0.10390625 0.60625 0.06875 0.1125