0 0.83515625 0.63359375 0.01875 0.0703125
0 0.9796875 0.60234375 0.028125 0.1265625
0 0.9015625 0.60625 0.0109375 0.0046875
0 0.8890625 0.61875 0.0125 0.078125
0 0.95 0.60234375 0.028125 0.103125
0 0.88046875 0.62265625 0.0109375 0.0671875
0 0.86796875 0.6265625 0.0109375 0.0703125
0 0.9078125 0.60390625 0.00625 0.0453125
0 0.05546875 0.67421875 0.015625 0.05625
0 0.040625 0.65625 0.015625 0.034375
0 0.9546875 0.61171875 0.009375 0.021875
0 0.015625 0.65234375 0.01875 0.0328125
0 0.91015625 0.609375 0.0078125 0.05625