0 0.7078125 0.803125 0.0734375 0.1703125
0 0.43828125 0.753125 0.0453125 0.1125
0 0.52109375 0.86953125 0.0828125 0.1515625
0 0.4703125 0.66875 0.0140625 0.0328125
0 0.42109375 0.659375 0.0203125 0.0390625
0 0.615625 0.85078125 0.115625 0.2265625
0 0.7734375 0.86640625 0.1171875 0.2671875
0 0.5703125 0.77265625 0.0734375 0.125
0 0.93984375 0.86484375 0.1140625 0.2703125
0 0.38125 0.68984375 0.028125 0.0421875
0 0.4625 0.73828125 0.03125 0.0609375
0 0.81875 0.79921875 0.0546875 0.1640625
0 0.503125 0.7875 0.0796875 0.16875