0 0.1828125 0.62109375 0.059375 0.2828125
0 0.3015625 0.540625 0.0375 0.1046875
0 0.3546875 0.521875 0.034375 0.0875
0 0.10390625 0.590625 0.0546875 0.2828125
0 0.04609375 0.5 0.0921875 0.215625
0 0.89296875 0.4359375 0.0546875 0.1375
0 0.87734375 0.40546875 0.0234375 0.05
0 0.81015625 0.38359375 0.034375 0.084375
0 0.76796875 0.35703125 0.0328125 0.1140625
0 0.23671875 0.62265625 0.053125 0.271875
0 0.16640625 0.52890625 0.0390625 0.121875
0 0.10546875 0.35390625 0.028125 0.0875
0 0.28515625 0.33828125 0.03125 0.0875