0 0.80703125 0.62734375 0.31875 0.4953125
0 0.58671875 0.38359375 0.0390625 0.0765625
0 0.50078125 0.56015625 0.1640625 0.3109375
0 0.609375 0.53828125 0.15625 0.334375
0 0.89921875 0.434375 0.1359375 0.1359375
0 0.64296875 0.3546875 0.0375 0.040625
0 0.69453125 0.359375 0.0296875 0.0578125
0 0.55546875 0.40703125 0.0703125 0.1140625
0 0.85234375 0.39140625 0.0640625 0.071875
0 0.75703125 0.40703125 0.0515625 0.0921875
0 0.76796875 0.36015625 0.0515625 0.0453125
0 0.68671875 0.3953125 0.0671875 0.0625
0 0.721875 0.39453125 0.0484375 0.0921875