0 0.28515625 0.68359375 0.2015625 0.225
0 0.09609375 0.75859375 0.1796875 0.25
0 0.5375 0.69765625 0.18125 0.2453125
0 0.6859375 0.58125 0.0875 0.1296875
0 0.56953125 0.59140625 0.0984375 0.1625
0 0.9171875 0.66484375 0.11875 0.21875
0 0.35 0.58515625 0.06875 0.1796875
0 0.80390625 0.58125 0.1125 0.1421875
0 0.74765625 0.53046875 0.0765625 0.10625
0 0.628125 0.89375 0.2265625 0.2125
0 0.46015625 0.50234375 0.0390625 0.05625
0 0.54453125 0.46640625 0.0453125 0.05625
0 0.76171875 0.79921875 0.240625 0.4015625