0 0.59453125 0.1953125 0.0859375 0.13125
0 0.71875 0.52265625 0.2015625 0.7109375
0 0.9171875 0.528125 0.14375 0.3515625
0 0.309375 0.5234375 0.1703125 0.3625
0 0.3125 0.32265625 0.11875 0.20625
0 0.421875 0.3515625 0.084375 0.140625
0 0.58515625 0.08203125 0.1109375 0.15625
0 0.0921875 0.5015625 0.1734375 0.3765625
0 0.3 0.134375 0.146875 0.159375
0 0.51328125 0.2609375 0.1234375 0.178125
0 0.69765625 0.17265625 0.10625 0.196875
0 0.05234375 0.17265625 0.1046875 0.24609375
0 0.46640625 0.534375 0.171875 0.321875