0 0.36953125 0.71171875 0.1703125 0.3515625
0 0.203125 0.72734375 0.1671875 0.2421875
0 0.0890625 0.703125 0.1390625 0.284375
0 0.56796875 0.27734375 0.0453125 0.0921875
0 0.70078125 0.32578125 0.0390625 0.075
0 0.50546875 0.18359375 0.028125 0.0703125
0 0.21953125 0.21875 0.0578125 0.128125
0 0.38125 0.4046875 0.03125 0.053125
0 0.140625 0.25078125 0.0609375 0.10625
0 0.3125 0.21171875 0.0375 0.0953125
0 0.5515625 0.14921875 0.03125 0.1
0 0.47265625 0.3203125 0.0359375 0.0890625
0 0.3203125 0.42734375 0.0640625 0.1
0 0.5453125 0.4359375 0.0546875 0.0859375
0 0.7953125 0.45546875 0.090625 0.253125