0 0.434375 0.65234375 0.2328125 0.45625
0 0.86015625 0.6875 0.1765625 0.41875
0 0.76015625 0.1390625 0.0734375 0.2265625
0 0.678125 0.16640625 0.0796875 0.1421875
0 0.3390625 0.0359375 0.0453125 0.0625
0 0.45390625 0.15 0.075 0.13125
0 0.28828125 0.03984375 0.0453125 0.046875
0 0.578125 0.16015625 0.075 0.1375
0 0.5375 0.15078125 0.0625 0.146875
0 0.41171875 0.046875 0.0453125 0.0859375
0 0.04453125 0.0234375 0.0453125 0.046875
0 0.72890625 0.69921875 0.1671875 0.3328125
0 0.371875 0.0359375 0.04375 0.0671875