0 0.5046875 0.79140625 0.275 0.39375
0 0.83515625 0.86015625 0.2046875 0.2515625
0 0.76953125 0.4 0.0921875 0.20625
0 0.96171875 0.81953125 0.0765625 0.3609375
0 0.53984375 0.31484375 0.10625 0.3046875
0 0.41640625 0.303125 0.128125 0.3125
0 0.9625 0.42109375 0.075 0.1859375
0 0.54375 0.153125 0.071875 0.1140625
0 0.65078125 0.1875 0.0265625 0.0296875
0 0.625 0.33515625 0.084375 0.275
0 0.04296875 0.34453125 0.0859375 0.1703125
0 0.2203125 0.02734375 0.0796875 0.05
0 0.87578125 0.40703125 0.096875 0.1953125