0 0.54921875 0.5234375 0.325 0.7203125
0 0.30234375 0.58125 0.046875 0.1296875
0 0.15234375 0.61328125 0.028125 0.078125
0 0.82265625 0.3921875 0.028125 0.0828125
0 0.88671875 0.36484375 0.025 0.090625
0 0.92578125 0.3609375 0.0265625 0.1015625
0 0.78671875 0.3921875 0.0125 0.034375
0 0.80703125 0.40703125 0.015625 0.0234375
0 0.7078125 0.42109375 0.0203125 0.06875
0 0.83671875 0.38046875 0.0078125 0.034375
0 0.72578125 0.43046875 0.015625 0.04375
0 0.16015625 0.5671875 0.0046875 0.0234375
0 0.85390625 0.378125 0.0078125 0.034375