0 0.515625 0.56484375 0.146875 0.5375
0 0.6203125 0.39375 0.021875 0.0765625
0 0.575 0.3875 0.01875 0.0703125
0 0.66171875 0.38828125 0.0203125 0.0765625
0 0.821875 0.39375 0.0125 0.0484375
0 0.70859375 0.38984375 0.0234375 0.08125
0 0.734375 0.390625 0.0234375 0.0703125
0 0.8 0.39296875 0.01875 0.0609375
0 0.77109375 0.39375 0.01875 0.0703125
0 0.75625 0.390625 0.0234375 0.0796875
0 0.87421875 0.434375 0.0703125 0.23125
0 0.4296875 0.38359375 0.015625 0.05
0 0.69140625 0.39140625 0.0203125 0.06875