0 0.165625 0.43203125 0.21875 0.234375
0 0.80078125 0.21640625 0.1171875 0.1375
0 0.94453125 0.30078125 0.1109375 0.08125
0 0.52578125 0.209375 0.115625 0.125
0 0.41796875 0.190625 0.115625 0.096875
0 0.66953125 0.19140625 0.128125 0.090625
0 0.321875 0.1953125 0.090625 0.0890625
0 0.07890625 0.11328125 0.1421875 0.1234375
0 0.75078125 0.14140625 0.0953125 0.0984375
0 0.09375 0.2984375 0.1 0.090625
0 0.4265625 0.1125 0.103125 0.1046875
0 0.4375 0.571875 0.6296875 0.7265625
0 0.2546875 0.26796875 0.1296875 0.1453125