0 0.5390625 0.69765625 0.109375 0.453125
0 0.3953125 0.63046875 0.1734375 0.4375
0 0.690625 0.64140625 0.121875 0.3046875
0 0.9109375 0.70234375 0.134375 0.384375
0 0.60625 0.42109375 0.0703125 0.2
0 0.74609375 0.446875 0.0734375 0.234375
0 0.2171875 0.40703125 0.034375 0.184375
0 0.8453125 0.40390625 0.0546875 0.146875
0 0.7828125 0.415625 0.059375 0.1765625
0 0.0890625 0.36796875 0.0375 0.0875
0 0.25 0.415625 0.0453125 0.1703125
0 0.8703125 0.3796875 0.03125 0.0859375
0 0.05 0.38828125 0.0546875 0.1703125