0 0.96015625 0.09453125 0.0703125 0.1328125
0 0.21640625 0.2375 0.4 0.475
0 0.459375 0.409375 0.1875 0.7453125
0 0.6234375 0.23359375 0.421875 0.4671875
0 0.8140625 0.50078125 0.2953125 0.9078125
0 0.3 0.07421875 0.125 0.14375
0 0.43203125 0.071875 0.140625 0.1390625
0 0.5578125 0.078125 0.125 0.1546875
0 0.675 0.078125 0.115625 0.1515625
0 0.8921875 0.103125 0.0828125 0.1015625
0 0.9609375 0.03984375 0.078125 0.0765625
0 0.359375 0.640625 0.084375 0.2953125
0 0.28203125 0.221875 0.0671875 0.1765625