0 0.46328125 0.4234375 0.0109375 0.03125
0 0.5015625 0.4140625 0.0125 0.0359375
0 0.39375 0.43125 0.015625 0.0046875
0 0.3640625 0.43203125 0.0203125 0.0453125
0 0.32734375 0.43125 0.0125 0.0515625
0 0.43359375 0.42890625 0.0109375 0.053125
0 0.4109375 0.43125 0.00625 0.053125
0 0.35546875 0.43203125 0.0125 0.0453125
0 0.41640625 0.43359375 0.009375 0.04375
0 0.40546875 0.4296875 0.009375 0.0515625
0 0.059375 0.425 0.0140625 0.053125
0 0.37578125 0.4296875 0.0140625 0.053125
0 0.47578125 0.42578125 0.009375 0.05625