0 0.26640625 0.86640625 0.05 0.1546875
0 0.3609375 0.84296875 0.128125 0.20625
0 0.68515625 0.7125 0.0640625 0.26875
0 0.7703125 0.71328125 0.0953125 0.33125
0 0.85234375 0.76796875 0.1 0.3625
0 0.2171875 0.609375 0.034375 0.1484375
0 0.278125 0.57578125 0.01875 0.0421875
0 0.171875 0.715625 0.05625 0.1125
0 0.10078125 0.74375 0.05 0.1609375
0 0.175 0.67265625 0.06875 0.1515625
0 0.05234375 0.871875 0.1046875 0.1640625
0 0.13046875 0.71171875 0.0359375 0.15625
0 0.87109375 0.59296875 0.0359375 0.1046875