0 0.928125 0.596875 0.059375 0.2234375
0 0.0296875 0.50390625 0.0109375 0.0453125
0 0.2171875 0.52734375 0.01875 0.0859375
0 0.4359375 0.47890625 0.0515625 0.04375
0 0.565625 0.49765625 0.0296875 0.0984375
0 0.20078125 0.528125 0.0171875 0.0703125
0 0.24453125 0.52265625 0.015625 0.1015625
0 0.096875 0.49375 0.0171875 0.0265625
0 0.27578125 0.47109375 0.0140625 0.04375
0 0.0375 0.50546875 0.009375 0.0453125
0 0.3515625 0.47421875 0.0265625 0.0390625
0 0.00390625 0.50859375 0.0078125 0.0640625
0 0.23203125 0.52421875 0.015625 0.08125