0 0.60546875 0.65234375 0.0609375 0.0421875
0 0.36171875 0.69296875 0.365625 0.5328125
0 0.253125 0.471875 0.025 0.04375
0 0.64609375 0.58671875 0.0796875 0.075
0 0.06875 0.653125 0.0703125 0.0546875
0 0.49609375 0.64921875 0.0515625 0.0515625
0 0.71171875 0.5328125 0.0671875 0.0546875
0 0.71875 0.59296875 0.0859375 0.0703125
0 0.78671875 0.61015625 0.0671875 0.0515625
0 0.5453125 0.6046875 0.0625 0.0046875
0 0.10390625 0.5921875 0.0765625 0.071875
0 0.3875 0.47578125 0.0890625 0.0578125
0 0.36171875 0.42890625 0.109375 0.0046875