0 0.7953125 0.359375 0.16875 0.290625
0 0.196875 0.70546875 0.05 0.1390625
0 0.628125 0.81796875 0.0359375 0.05
0 0.91875 0.90546875 0.0140625 0.0234375
0 0.3203125 0.78125 0.04375 0.1265625
0 0.128125 0.75 0.0546875 0.121875
0 0.04921875 0.70859375 0.05625 0.1390625
0 0.09609375 0.73828125 0.040625 0.10625
0 0.06015625 0.67890625 0.0265625 0.0703125
0 0.84921875 0.89375 0.0234375 0.0328125
0 0.2703125 0.76796875 0.05 0.1421875
0 0.4390625 0.71171875 0.065625 0.2046875
0 0.36171875 0.80625 0.0421875 0.0734375