0 0.68125 0.5859375 0.0890625 0.425
0 0.04375 0.5671875 0.0453125 0.1421875
0 0.54140625 0.65546875 0.121875 0.2984375
0 0.578125 0.52578125 0.0640625 0.2359375
0 0.403125 0.46640625 0.021875 0.05
0 0.2203125 0.5125 0.0609375 0.075
0 0.471875 0.47421875 0.0375 0.0703125
0 0.87109375 0.7546875 0.2578125 0.3859375
0 0.4234375 0.50390625 0.05625 0.096875
0 0.18984375 0.5796875 0.1046875 0.1671875
0 0.36015625 0.50859375 0.0359375 0.0921875
0 0.275 0.5078125 0.05 0.0921875
0 0.090625 0.59296875 0.0953125 0.1609375