0 0.59375 0.740625 0.015625 0.053125
0 0.5734375 0.678125 0.0171875 0.0546875
0 0.4578125 0.41640625 0.0125 0.0484375
0 0.76875 0.41953125 0.01875 0.0453125
0 0.63046875 0.4140625 0.015625 0.040625
0 0.32265625 0.5921875 0.015625 0.0546875
0 0.31953125 0.68515625 0.0140625 0.0453125
0 0.471875 0.3921875 0.0109375 0.0375
0 0.43671875 0.39609375 0.009375 0.040625
0 0.20390625 0.70546875 0.0171875 0.0625
0 0.671875 0.653125 0.0125 0.05
0 0.62265625 0.6515625 0.0140625 0.04375
0 0.35 0.55625 0.01875 0.0453125