0 0.64375 0.94453125 0.0484375 0.1078125
0 0.18046875 0.9609375 0.1328125 0.078125
0 0.4171875 0.9390625 0.0765625 0.0875
0 0.36171875 0.9296875 0.0609375 0.0640625
0 0.73671875 0.94765625 0.0703125 0.103125
0 0.7984375 0.95 0.0671875 0.096875
0 0.9734375 0.95625 0.0484375 0.0859375
0 0.2515625 0.9453125 0.0890625 0.109375
0 0.53984375 0.94609375 0.071875 0.1078125
0 0.990625 0.89765625 0.01875 0.0390625
0 0.846875 0.93203125 0.034375 0.05625
0 0.11484375 0.92421875 0.0375 0.053125
0 0.91796875 0.95078125 0.0765625 0.096875