0 0.62734375 0.7671875 0.028125 0.0984375
0 0.628125 0.71875 0.0296875 0.0578125
0 0.9140625 0.69921875 0.03125 0.071875
0 0.93125 0.72734375 0.0203125 0.0421875
0 0.06015625 0.6265625 0.0203125 0.071875
0 0.1078125 0.6125 0.01875 0.046875
0 0.04296875 0.62734375 0.015625 0.0796875
0 0.39296875 0.5375 0.0109375 0.0421875
0 0.70625 0.521875 0.0046875 0.0234375
0 0.615625 0.71640625 0.0203125 0.0609375
0 0.27890625 0.55703125 0.0140625 0.0390625
0 0.0875 0.621875 0.0171875 0.0703125
0 0.09765625 0.6109375 0.0046875 0.0328125