0 0.0515625 0.40390625 0.0765625 0.2453125
0 0.140625 0.39375 0.059375 0.240625
0 0.38515625 0.384375 0.15 0.5828125
0 0.4265625 0.44296875 0.0734375 0.2921875
0 0.92578125 0.52578125 0.090625 0.3578125
0 0.61953125 0.4203125 0.046875 0.1546875
0 0.81328125 0.43203125 0.0328125 0.196875
0 0.73828125 0.41328125 0.04375 0.196875
0 0.5046875 0.44609375 0.0265625 0.1125
0 0.83203125 0.42890625 0.0359375 0.221875
0 0.49765625 0.3984375 0.0421875 0.1453125
0 0.703125 0.37734375 0.0234375 0.1171875
0 0.2734375 0.4171875 0.0671875 0.2125