0 0.53359375 0.51171875 0.28125 0.5625
0 0.271875 0.44140625 0.290625 0.3890625
0 0.3828125 0.259375 0.175 0.2375
0 0.3296875 0.12890625 0.078125 0.2484375
0 0.134375 0.20390625 0.1734375 0.3921875
0 0.63203125 0.21640625 0.1390625 0.3703125
0 0.77734375 0.12890625 0.10625 0.2
0 0.94765625 0.171875 0.1 0.3390625
0 0.50859375 0.11484375 0.0734375 0.2265625
0 0.19609375 0.33203125 0.1734375 0.2234375
0 0.06328125 0.17890625 0.1203125 0.3578125
0 0.2515625 0.16015625 0.0765625 0.125
0 0.21953125 0.09296875 0.065625 0.1390625