0 0.2375 0.80234375 0.0078125 0.0375
0 0.165625 0.80703125 0.0078125 0.046875
0 0.08671875 0.809375 0.0109375 0.053125
0 0.12578125 0.8078125 0.0109375 0.0484375
0 0.11171875 0.80703125 0.009375 0.04375
0 0.21015625 0.80546875 0.0109375 0.04375
0 0.23125 0.80546875 0.009375 0.0421875
0 0.309375 0.80546875 0.0109375 0.0375
0 0.153125 0.80703125 0.009375 0.0484375
0 0.171875 0.80546875 0.0078125 0.04375
0 0.18046875 0.8078125 0.0078125 0.0421875
0 0.13515625 0.809375 0.0109375 0.0515625
0 0.07578125 0.79609375 0.0109375 0.0484375