0 0.42109375 0.79609375 0.0265625 0.0875
0 0.54375 0.8203125 0.0734375 0.1609375
0 0.66328125 0.84140625 0.1375 0.15625
0 0.49765625 0.8125 0.0421875 0.1609375
0 0.034375 0.7828125 0.0421875 0.11875
0 0.08515625 0.803125 0.021875 0.0671875
0 0.45 0.80546875 0.0125 0.05
0 0.15703125 0.79296875 0.015625 0.0484375
0 0.17109375 0.79609375 0.0140625 0.0484375
0 0.3140625 0.80390625 0.0140625 0.05
0 0.2578125 0.79921875 0.015625 0.053125
0 0.32578125 0.79609375 0.009375 0.053125
0 0.47109375 0.815625 0.015625 0.0296875