0 0.1015625 0.575 0.0546875 0.2359375
0 0.13359375 0.58984375 0.0359375 0.1578125
0 0.1640625 0.59140625 0.034375 0.165625
0 0.23984375 0.62734375 0.0453125 0.2015625
0 0.265625 0.59140625 0.0359375 0.196875
0 0.32265625 0.60234375 0.0453125 0.1796875
0 0.4 0.7046875 0.0703125 0.1046875
0 0.5046875 0.63046875 0.0578125 0.240625
0 0.8453125 0.759375 0.0921875 0.1640625
0 0.7546875 0.6609375 0.0546875 0.2859375
0 0.390625 0.5828125 0.0453125 0.1578125
0 0.93125 0.73515625 0.0796875 0.2375
0 0.6796875 0.65625 0.1 0.3328125