0 0.44765625 0.7296875 0.2046875 0.51875
0 0.6453125 0.83046875 0.0921875 0.221875
0 0.76015625 0.86640625 0.1125 0.1671875
0 0.8328125 0.86171875 0.334375 0.2734375
0 0.28515625 0.77890625 0.1015625 0.0890625
0 0.16015625 0.734375 0.04375 0.0875
0 0.9453125 0.5859375 0.0828125 0.084375
0 0.35078125 0.53046875 0.0703125 0.1171875
0 0.19765625 0.5375 0.06875 0.0703125
0 0.459375 0.44453125 0.0265625 0.040625
0 0.2171875 0.4234375 0.084375 0.1296875
0 0.40078125 0.303125 0.046875 0.1078125
0 0.6625 0.56640625 0.0703125 0.0921875