0 0.72421875 0.71171875 0.078125 0.2359375
0 0.6328125 0.7109375 0.0578125 0.24375
0 0.5703125 0.70234375 0.0703125 0.1671875
0 0.55078125 0.66875 0.04375 0.140625
0 0.50703125 0.6703125 0.065625 0.1578125
0 0.365625 0.66484375 0.0515625 0.115625
0 0.3234375 0.6546875 0.04375 0.1171875
0 0.27421875 0.6703125 0.0515625 0.1421875
0 0.22578125 0.67890625 0.0546875 0.1515625
0 0.76640625 0.61484375 0.025 0.059375
0 0.66171875 0.62421875 0.0078125 0.025
0 0.878125 0.61875 0.0140625 0.046875
0 0.79140625 0.6375 0.0328125 0.0828125