0 0.334375 0.5234375 0.24375 0.9296875
0 0.67421875 0.6359375 0.1390625 0.4703125
0 0.703125 0.64296875 0.11875 0.525
0 0.628125 0.60546875 0.13125 0.4171875
0 0.24140625 0.62890625 0.0421875 0.215625
0 0.415625 0.57109375 0.0625 0.328125
0 0.5234375 0.6203125 0.0578125 0.23125
0 0.9453125 0.4046875 0.046875 0.1453125
0 0.60625 0.53984375 0.0421875 0.1875
0 0.5734375 0.6078125 0.053125 0.3203125
0 0.84609375 0.50234375 0.0453125 0.0859375
0 0.51171875 0.56171875 0.0609375 0.296875
0 0.10234375 0.56875 0.0234375 0.103125