0 0.42734375 0.61015625 0.1734375 0.525
0 0.52578125 0.62421875 0.246875 0.5640625
0 0.71328125 0.5 0.015625 0.0421875
0 0.74609375 0.471875 0.0109375 0.03125
0 0.9359375 0.51796875 0.01875 0.0640625
0 0.6609375 0.51328125 0.015625 0.0546875
0 0.16640625 0.51484375 0.0078125 0.0234375
0 0.184375 0.50078125 0.00625 0.0203125
0 0.13359375 0.50859375 0.0046875 0.0140625
0 0.1609375 0.52890625 0.0078125 0.03125
0 0.096875 0.475 0.00625 0.0140625
0 0.284375 0.609375 0.0890625 0.4703125
0 0.0734375 0.47265625 0.003125 0.0125