0 0.28828125 0.56484375 0.2828125 0.865625
0 0.4734375 0.31640625 0.1265625 0.478125
0 0.5421875 0.2953125 0.1 0.590625
0 0.27734375 0.09765625 0.0796875 0.1171875
0 0.775 0.19296875 0.075 0.3265625
0 0.8125 0.17734375 0.0625 0.1953125
0 0.01953125 0.1328125 0.0359375 0.1921875
0 0.06171875 0.2859375 0.1234375 0.409375
0 0.121875 0.13984375 0.0578125 0.153125
0 0.93359375 0.115625 0.0296875 0.06875
0 0.1984375 0.13203125 0.078125 0.16875
0 0.38046875 0.15546875 0.05625 0.2125
0 0.64609375 0.171875 0.078125 0.23125