0 0.23671875 0.609375 0.359375 0.7546875
0 0.84296875 0.5890625 0.3140625 0.7921875
0 0.0546875 0.8765625 0.109375 0.2171875
0 0.1171875 0.309375 0.1328125 0.3125
0 0.3375 0.34453125 0.084375 0.4359375
0 0.4609375 0.5765625 0.1796875 0.83125
0 0.5359375 0.1515625 0.025 0.0734375
0 0.57890625 0.32265625 0.1671875 0.3125
0 0.38828125 0.3203125 0.1015625 0.4515625
0 0.63984375 0.225 0.1015625 0.3828125
0 0.95234375 0.27734375 0.09375 0.21875
0 0.0375 0.65859375 0.071875 0.6828125
0 0.91015625 0.32578125 0.1390625 0.284375