0 0.39921875 0.734375 0.0640625 0.3546875
0 0.2109375 0.64609375 0.06875 0.2609375
0 0.46015625 0.54453125 0.075 0.36875
0 0.5375 0.57890625 0.090625 0.3078125
0 0.5515625 0.37265625 0.0609375 0.1046875
0 0.49609375 0.459375 0.0640625 0.31875
0 0.43671875 0.33046875 0.0453125 0.1453125
0 0.40859375 0.371875 0.05625 0.2015625
0 0.28046875 0.38125 0.109375 0.1078125
0 0.3703125 0.11484375 0.0765625 0.2296875
0 0.43125 0.21328125 0.0625 0.1484375
0 0.68359375 0.44296875 0.059375 0.2265625
0 0.95078125 0.53359375 0.0671875 0.3515625