0 0.16015625 0.6765625 0.3203125 0.4578125
0 0.70625 0.53984375 0.10625 0.203125
0 0.90546875 0.55 0.0859375 0.1078125
0 0.25234375 0.240625 0.053125 0.1390625
0 0.4046875 0.26640625 0.0421875 0.0796875
0 0.72578125 0.2390625 0.0859375 0.121875
0 0.11875 0.27265625 0.046875 0.0828125
0 0.58203125 0.5171875 0.4515625 0.703125
0 0.76953125 0.51640625 0.0953125 0.1265625
0 0.85859375 0.25546875 0.0546875 0.0875
0 0.9625 0.534375 0.075 0.1734375
0 0.3171875 0.2578125 0.0765625 0.103125
0 0.1609375 0.21015625 0.0625 0.128125