0 0.2859375 0.8453125 0.0671875 0.159375
0 0.32890625 0.809375 0.0390625 0.1609375
0 0.65625 0.83125 0.034375 0.1171875
0 0.49140625 0.83828125 0.0234375 0.1453125
0 0.96953125 0.8234375 0.0328125 0.1125
0 0.9046875 0.84453125 0.0390625 0.140625
0 0.928125 0.82890625 0.021875 0.109375
0 0.89375 0.83125 0.0421875 0.1546875
0 0.846875 0.83046875 0.0171875 0.121875
0 0.8140625 0.8359375 0.021875 0.121875
0 0.7765625 0.84765625 0.03125 0.13125
0 0.72265625 0.8375 0.0328125 0.15
0 0.74609375 0.84453125 0.034375 0.1359375