0 0.35078125 0.46171875 0.5875 0.6359375
0 0.79609375 0.3921875 0.2734375 0.5234375
0 0.34296875 0.2546875 0.0578125 0.0640625
0 0.30703125 0.2734375 0.0265625 0.0421875
0 0.225 0.28984375 0.0328125 0.0671875
0 0.15 0.29296875 0.0328125 0.059375
0 0.028125 0.29453125 0.0421875 0.0609375
0 0.12265625 0.2859375 0.0203125 0.0375
0 0.17734375 0.28203125 0.0203125 0.0359375
0 0.27734375 0.28203125 0.0203125 0.04375
0 0.2 0.28984375 0.0203125 0.0046875
0 0.96328125 0.265625 0.0703125 0.1390625
0 0.971875 0.34453125 0.05625 0.2765625