0 0.7046875 0.809375 0.1171875 0.3015625
0 0.72890625 0.77578125 0.140625 0.2984375
0 0.92734375 0.73125 0.1234375 0.36875
0 0.56953125 0.5125 0.071875 0.0875
0 0.075 0.60859375 0.0890625 0.1453125
0 0.63125 0.51875 0.053125 0.0875
0 0.815625 0.54453125 0.05 0.0828125
0 0.196875 0.50625 0.04375 0.0640625
0 0.11640625 0.51953125 0.04375 0.075
0 0.88203125 0.55390625 0.04375 0.06875
0 0.753125 0.53203125 0.0640625 0.0921875
0 0.0546875 0.50703125 0.0453125 0.0796875
0 0.96171875 0.81171875 0.0703125 0.3640625
0 0.4109375 0.49375 0.05859375 0.08984375