0 0.26015625 0.2953125 0.153125 0.3703125
0 0.415625 0.30078125 0.0390625 0.1125
0 0.80703125 0.59609375 0.3859375 0.7828125
0 0.69375 0.63828125 0.203125 0.7234375
0 0.30625 0.2359375 0.28125 0.35625
0 0.4015625 0.30390625 0.065625 0.2796875
0 0.446875 0.29375 0.0546875 0.203125
0 0.53046875 0.234375 0.0375 0.14375
0 0.5734375 0.4265625 0.234375 0.2796875
0 0.51015625 0.37578125 0.0203125 0.153125
0 0.69375 0.2671875 0.021875 0.0421875
0 0.95 0.571875 0.1 0.678125
0 0.7734375 0.36328125 0.0375 0.1015625