0 0.65234375 0.78828125 0.13125 0.4
0 0.7421875 0.70234375 0.0734375 0.4171875
0 0.55234375 0.60078125 0.23125 0.2265625
0 0.965625 0.55546875 0.01875 0.025
0 0.96875 0.709375 0.053125 0.3046875
0 0.9046875 0.58359375 0.0375 0.0953125
0 0.8796875 0.71640625 0.046875 0.2484375
0 0.36875 0.825 0.2703125 0.3234375
0 0.3109375 0.74296875 0.084375 0.3203125
0 0.8203125 0.609375 0.0453125 0.075
0 0.7796875 0.59375 0.015625 0.0625
0 0.921875 0.72421875 0.0578125 0.2921875
0 0.93515625 0.57734375 0.0328125 0.0625