0 0.35 0.7203125 0.0359375 0.20625
0 0.41796875 0.66015625 0.0265625 0.1453125
0 0.80859375 0.70703125 0.0578125 0.2125
0 0.628125 0.70625 0.0359375 0.2390625
0 0.74453125 0.64140625 0.034375 0.09375
0 0.534375 0.70625 0.0640625 0.24375
0 0.75546875 0.6359375 0.021875 0.103125
0 0.296875 0.6671875 0.0328125 0.1125
0 0.1453125 0.69296875 0.0734375 0.1796875
0 0.128125 0.61484375 0.021875 0.0375
0 0.09765625 0.61484375 0.01875 0.0421875
0 0.20625 0.6171875 0.0265625 0.071875
0 0.23515625 0.64296875 0.0390625 0.0984375