0 0.40390625 0.51171875 0.421875 0.86875
0 0.6140625 0.27109375 0.1203125 0.28125
0 0.86015625 0.38671875 0.1015625 0.1140625
0 0.73671875 0.33984375 0.1171875 0.196875
0 0.7703125 0.26328125 0.034375 0.1203125
0 0.81328125 0.20390625 0.0578125 0.1125
0 0.72109375 0.25703125 0.0578125 0.1640625
0 0.9578125 0.315625 0.084375 0.1921875
0 0.3234375 0.225 0.0796875 0.2109375
0 0.2578125 0.3078125 0.0984375 0.221875
0 0.2734375 0.23359375 0.0296875 0.0671875
0 0.75546875 0.209375 0.046875 0.0953125
0 0.55546875 0.2109375 0.0359375 0.0625