0 0.1609375 0.6046875 0.321875 0.7875
0 0.3453125 0.4296875 0.1921875 0.4125
0 0.81484375 0.38359375 0.1234375 0.275
0 0.040625 0.3609375 0.078125 0.471875
0 0.5921875 0.61640625 0.315625 0.746875
0 0.75390625 0.3609375 0.065625 0.3015625
0 0.87421875 0.2953125 0.0765625 0.1875
0 0.23515625 0.38203125 0.071875 0.25625
0 0.95078125 0.35390625 0.09375 0.2890625
0 0.8890625 0.24453125 0.040625 0.0953125
0 0.43828125 0.35078125 0.0921875 0.3171875
0 0.83515625 0.69140625 0.3296875 0.6171875
0 0.6421875 0.36875 0.0984375 0.328125