0 0.60859375 0.44453125 0.3671875 0.5625
0 0.7921875 0.35546875 0.025 0.05
0 0.8171875 0.35625 0.04375 0.040625
0 0.66171875 0.36171875 0.0296875 0.05625
0 0.67265625 0.34296875 0.0203125 0.0359375
0 0.73515625 0.35859375 0.0296875 0.0421875
0 0.76015625 0.30703125 0.0296875 0.0390625
0 0.36796875 0.371875 0.0484375 0.0671875
0 0.06015625 0.396875 0.109375 0.165625
0 0.20859375 0.30234375 0.053125 0.0640625
0 0.25078125 0.321875 0.0390625 0.0375
0 0.69609375 0.3640625 0.0390625 0.0640625
0 0.40078125 0.3640625 0.0390625 0.0453125