0 0.53984375 0.50859375 0.621875 0.8796875
0 0.1453125 0.06484375 0.109375 0.1265625
0 0.26171875 0.06171875 0.09375 0.1203125
0 0.209375 0.06328125 0.0578125 0.1265625
0 0.3796875 0.365625 0.09375 0.30625
0 0.53125 0.06015625 0.115625 0.1203125
0 0.3703125 0.05859375 0.128125 0.1171875
0 0.0359375 0.06953125 0.071875 0.1328125
0 0.68515625 0.05390625 0.1 0.1078125
0 0.74921875 0.05078125 0.10625 0.1015625
0 0.9359375 0.04453125 0.128125 0.0890625
0 0.8 0.02890625 0.06875 0.0578125
0 0.88984375 0.04296875 0.090625 0.0859375