0 0.1140625 0.83984375 0.1421875 0.296875
0 0.175 0.85 0.021875 0.0484375
0 0.03203125 0.75546875 0.0640625 0.1703125
0 0.01171875 0.6859375 0.0234375 0.09375
0 0.340625 0.95234375 0.0390625 0.0953125
0 0.2921875 0.925 0.0171875 0.0515625
0 0.2 0.8734375 0.034375 0.0859375
0 0.259375 0.90078125 0.015625 0.01875
0 0.02578125 0.76796875 0.05 0.1
0 0.371875 0.97421875 0.01875 0.0484375
0 0.30234375 0.93359375 0.0203125 0.0484375
0 0.21875 0.87578125 0.01875 0.0375
0 0.0625 0.7671875 0.0046875 0.1046875