0 0.14453125 0.49296875 0.0265625 0.0515625
0 0.80546875 0.66953125 0.028125 0.0859375
0 0.69765625 0.46875 0.01875 0.0390625
0 0.2609375 0.5375 0.01875 0.0640625
0 0.396875 0.4125 0.0109375 0.03125
0 0.42265625 0.39765625 0.00625 0.0203125
0 0.659375 0.46953125 0.015625 0.04375
0 0.2859375 0.528125 0.0171875 0.0515625
0 0.12734375 0.43515625 0.0109375 0.0390625
0 0.3078125 0.425 0.0125 0.0328125
0 0.2796875 0.40625 0.009375 0.0328125
0 0.36015625 0.46171875 0.0171875 0.0375
0 0.35078125 0.41015625 0.015625 0.0328125