0 0.4203125 0.66015625 0.009375 0.034375
0 0.93125 0.82421875 0.1328125 0.3515625
0 0.578125 0.70390625 0.0125 0.04375
0 0.53828125 0.78671875 0.0265625 0.1421875
0 0.7203125 0.81171875 0.0546875 0.221875
0 0.64609375 0.74140625 0.0375 0.0671875
0 0.2921875 0.7765625 0.021875 0.090625
0 0.3234375 0.775 0.0265625 0.09375
0 0.209375 0.859375 0.1375 0.271875
0 0.57578125 0.73046875 0.0203125 0.0421875
0 0.79453125 0.8453125 0.103125 0.30625
0 0.13125 0.76015625 0.03125 0.04375
0 0.8046875 0.86171875 0.0625 0.2765625