0 0.5125 0.6453125 0.1265625 0.646875
0 0.63046875 0.63828125 0.1359375 0.671875
0 0.75546875 0.56796875 0.1671875 0.8203125
0 0.90703125 0.459375 0.1421875 0.478125
0 0.965625 0.3796875 0.06875 0.1703125
0 0.965625 0.253125 0.06875 0.3046875
0 0.40703125 0.61015625 0.115625 0.671875
0 0.28515625 0.6078125 0.1796875 0.7328125
0 0.68359375 0.30078125 0.0296875 0.0515625
0 0.1421875 0.615625 0.15625 0.728125
0 0.61015625 0.2765625 0.08125 0.2078125
0 0.8515625 0.328125 0.0609375 0.3234375
0 0.209375 0.25859375 0.0859375 0.2859375