0 0.43984375 0.609375 0.1640625 0.7390625
0 0.31796875 0.328125 0.0625 0.2203125
0 0.8078125 0.47734375 0.1703125 0.51875
0 0.0828125 0.24375 0.0203125 0.0421875
0 0.6046875 0.5 0.159375 0.5875
0 0.25703125 0.615625 0.2890625 0.76875
0 0.11640625 0.42734375 0.1359375 0.4640625
0 0.50859375 0.38515625 0.0609375 0.2671875
0 0.04375 0.33828125 0.05 0.2171875
0 0.2921875 0.315625 0.04375 0.175
0 0.01953125 0.28359375 0.0359375 0.1015625
0 0.1921875 0.27421875 0.0578125 0.1390625
0 0.946875 0.38203125 0.10625 0.3328125