0 0.0796875 0.6078125 0.0203125 0.1046875
0 0.3625 0.56796875 0.0421875 0.215625
0 0.44921875 0.5828125 0.0234375 0.1234375
0 0.56015625 0.57578125 0.0296875 0.1984375
0 0.69453125 0.55 0.028125 0.13125
0 0.63515625 0.559375 0.0359375 0.11875
0 0.05390625 0.60390625 0.0046875 0.1921875
0 0.7546875 0.54453125 0.0390625 0.1453125
0 0.7953125 0.53828125 0.065625 0.146875
0 0.3375 0.57734375 0.034375 0.184375
0 0.83203125 0.5828125 0.021875 0.0625
0 0.88203125 0.53515625 0.025 0.1171875
0 0.1296875 0.584375 0.059375 0.1984375