0 0.00078125 0.00078125 0.0015625 0.0015625
0 0.9125 0.39609375 0.08125 0.175
0 0.721875 0.471875 0.1140625 0.4
0 0.0625 0.38515625 0.0515625 0.10625
0 0.796875 0.346875 0.0453125 0.096875
0 0.77578125 0.340625 0.0296875 0.084375
0 0.803125 0.296875 0.0390625 0.028125
0 0.02890625 0.3859375 0.0421875 0.1
0 0.73359375 0.390625 0.0734375 0.1609375
0 0.846875 0.38984375 0.0578125 0.1046875
0 0.16875 0.3875 0.05625 0.13125
0 0.95859375 0.3578125 0.0359375 0.0953125
0 0.98046875 0.30859375 0.0328125 0.0375