0 0.11328125 0.4796875 0.134375 0.2265625
0 0.1734375 0.56875 0.175 0.3109375
0 0.553125 0.72109375 0.0421875 0.096875
0 0.5109375 0.72890625 0.040625 0.0796875
0 0.071875 0.7265625 0.0234375 0.078125
0 0.71875 0.73828125 0.034375 0.0921875
0 0.63046875 0.4046875 0.271875 0.175
0 0.68671875 0.70625 0.0359375 0.0609375
0 0.06484375 0.44921875 0.1234375 0.3578125
0 0.45859375 0.721875 0.040625 0.09375
0 0.13671875 0.45625 0.1046875 0.090625
0 0.0234375 0.2609375 0.040625 0.05
0 0.13984375 0.34375 0.1625 0.1453125