0 0.3453125 0.475 0.2109375 0.49375
0 0.52109375 0.315625 0.0671875 0.0875
0 0.5796875 0.30859375 0.0640625 0.1
0 0.6515625 0.30390625 0.0609375 0.1109375
0 0.8640625 0.27890625 0.0671875 0.0984375
0 0.8890625 0.17578125 0.053125 0.0953125
0 0.79375 0.303125 0.071875 0.1265625
0 0.16875 0.36328125 0.0703125 0.35
0 0.634375 0.26796875 0.0421875 0.0828125
0 0.67734375 0.23515625 0.0546875 0.1078125
0 0.73203125 0.26640625 0.06875 0.0953125
0 0.8359375 0.2 0.0453125 0.1078125
0 0.2953125 0.24609375 0.0765625 0.175