0 0.61796875 0.725 0.1796875 0.39375
0 0.8328125 0.64296875 0.1515625 0.603125
0 0.33046875 0.14453125 0.08125 0.171875
0 0.740625 0.07265625 0.090625 0.1453125
0 0.6640625 0.08125 0.053125 0.1109375
0 0.59609375 0.09375 0.078125 0.1484375
0 0.26171875 0.6375 0.265625 0.575
0 0.5296875 0.17265625 0.0546875 0.1734375
0 0.15625 0.02734375 0.0546875 0.05
0 0.44375 0.165625 0.08125 0.1671875
0 0.0890625 0.02265625 0.03125 0.0453125
0 0.8515625 0.15625 0.0453125 0.1875
0 0.8984375 0.24296875 0.071875 0.0984375