0 0.64453125 0.375 0.146875 0.2078125
0 0.6046875 0.28828125 0.071875 0.21875
0 0.365625 0.36640625 0.0234375 0.05625
0 0.4015625 0.45078125 0.0578125 0.1859375
0 0.340625 0.41875 0.06875 0.1890625
0 0.36796875 0.31953125 0.0375 0.0765625
0 0.5421875 0.35625 0.08125 0.3
0 0.6796875 0.28203125 0.09375 0.2328125
0 0.40859375 0.39375 0.06875 0.16875
0 0.30625 0.359375 0.0234375 0.08125
0 0.32421875 0.33984375 0.0140625 0.0484375
0 0.33984375 0.31171875 0.0203125 0.0265625
0 0.3046875 0.30703125 0.009375 0.0140625