0 0.084375 0.55859375 0.1453125 0.3921875
0 0.19609375 0.56953125 0.1453125 0.3875
0 0.321875 0.5703125 0.1390625 0.3796875
0 0.446875 0.57578125 0.1328125 0.3703125
0 0.7640625 0.4359375 0.084375 0.309375
0 0.6953125 0.57109375 0.1421875 0.3609375
0 0.85703125 0.3828125 0.1046875 0.1984375
0 0.684375 0.36328125 0.103125 0.24375
0 0.6046875 0.384375 0.109375 0.26875
0 0.10234375 0.34765625 0.103125 0.1890625
0 0.57109375 0.5703125 0.1375 0.378125
0 0.1890625 0.3578125 0.1078125 0.2109375
0 0.8453125 0.575 0.171875 0.3859375