0 0.57265625 0.64375 0.7234375 0.7125
0 0.22890625 0.6671875 0.2359375 0.665625
0 0.965625 0.28828125 0.06875 0.371875
0 0.05 0.428125 0.096875 0.609375
0 0.35234375 0.4015625 0.10625 0.3359375
0 0.85625 0.24609375 0.090625 0.1875
0 0.24765625 0.2796875 0.1515625 0.2890625
0 0.12578125 0.47421875 0.0953125 0.3734375
0 0.6359375 0.35546875 0.090625 0.1625
0 0.75546875 0.3984375 0.171875 0.5859375
0 0.65625 0.40390625 0.096875 0.2875
0 0.78828125 0.24140625 0.078125 0.103125
0 0.92734375 0.23203125 0.0859375 0.228125