0 0.29296875 0.69140625 0.053125 0.13125
0 0.62734375 0.81796875 0.340625 0.3640625
0 0.0828125 0.8625 0.1640625 0.275
0 0.90078125 0.73984375 0.0671875 0.1734375
0 0.1296875 0.66484375 0.025 0.08125
0 0.10859375 0.67890625 0.0203125 0.0875
0 0.08828125 0.671875 0.028125 0.0734375
0 0.25546875 0.69921875 0.0390625 0.1015625
0 0.38828125 0.809375 0.2140625 0.3
0 0.2359375 0.60859375 0.025 0.0609375
0 0.196875 0.640625 0.0109375 0.0578125
0 0.1875 0.66875 0.021875 0.0921875
0 0.2078125 0.65625 0.0140625 0.0734375