0 0.3640625 0.86171875 0.0171875 0.0234375
0 0.365625 0.26171875 0.0703125 0.134375
0 0.465625 0.84609375 0.0421875 0.078125
0 0.57109375 0.86015625 0.0265625 0.0421875
0 0.49140625 0.80625 0.0390625 0.075
0 0.66015625 0.84375 0.021875 0.0421875
0 0.56171875 0.378125 0.0953125 0.1203125
0 0.35546875 0.96015625 0.0046875 0.0796875
0 0.334375 0.934375 0.040625 0.059375
0 0.21640625 0.82421875 0.0390625 0.0703125
0 0.34296875 0.946875 0.0390625 0.059375
0 0.31953125 0.91640625 0.0375 0.0609375
0 0.29609375 0.9046875 0.0328125 0.05