0 0.31875 0.24453125 0.0859375 0.1875
0 0.3953125 0.20859375 0.046875 0.125
0 0.51796875 0.61015625 0.2921875 0.5546875
0 0.84375 0.246875 0.046875 0.1171875
0 0.89296875 0.23359375 0.0359375 0.1171875
0 0.9296875 0.25078125 0.05 0.1671875
0 0.97421875 0.24609375 0.0328125 0.15
0 0.22890625 0.14765625 0.015625 0.0453125
0 0.55234375 0.43046875 0.2515625 0.65625
0 0.9890625 0.23984375 0.0203125 0.1078125
0 0.1328125 0.19296875 0.0296875 0.1046875
0 0.15625 0.178125 0.025 0.0625
0 0.86640625 0.23046875 0.0390625 0.1203125