0 0.31640625 0.33515625 0.0609375 0.1328125
0 0.33984375 0.47421875 0.1 0.26875
0 0.53671875 0.36640625 0.0359375 0.13125
0 0.5796875 0.33984375 0.015625 0.0671875
0 0.25 0.37421875 0.0578125 0.1703125
0 0.053125 0.35234375 0.015625 0.0484375
0 0.796875 0.33203125 0.0125 0.0234375
0 0.36640625 0.475 0.059375 0.1359375
0 0.41015625 0.36796875 0.0421875 0.1109375
0 0.125 0.34609375 0.015625 0.04375
0 0.1625 0.34609375 0.0171875 0.04375
0 0.1890625 0.34296875 0.0078125 0.03125
0 0.68203125 0.32734375 0.0109375 0.0328125