0 0.390625 0.79375 0.0640625 0.1125
0 0.39453125 0.72734375 0.0203125 0.0546875
0 0.91640625 0.84765625 0.040625 0.20625
0 0.33203125 0.778125 0.0390625 0.1625
0 0.23046875 0.77109375 0.0359375 0.1625
0 0.11015625 0.77109375 0.040625 0.1359375
0 0.965625 0.82890625 0.059375 0.2484375
0 0.64609375 0.675 0.01875 0.0578125
0 0.1796875 0.771875 0.0453125 0.1359375
0 0.0796875 0.76640625 0.0375 0.1296875
0 0.365625 0.715625 0.0296875 0.0453125
0 0.31875 0.76796875 0.0203125 0.1265625
0 0.7390625 0.76484375 0.0421875 0.2140625