0 0.46875 0.5171875 0.68125 0.8765625
0 0.70390625 0.475 0.16875 0.1265625
0 0.66796875 0.3453125 0.1109375 0.15
0 0.7375 0.3140625 0.075 0.0578125
0 0.75703125 0.38203125 0.1375 0.09375
0 0.41328125 0.246875 0.084375 0.0875
0 0.3375 0.2359375 0.096875 0.08125
0 0.71484375 0.20703125 0.0984375 0.1296875
0 0.85859375 0.24375 0.1328125 0.1234375
0 0.32421875 0.15390625 0.1296875 0.0859375
0 0.0734375 0.375 0.1078125 0.1515625
0 0.8890625 0.37265625 0.1375 0.109375
0 0.2703125 0.59375 0.1984375 0.16875