0 0.5171875 0.584375 0.3546875 0.83125
0 0.190625 0.596875 0.2265625 0.4640625
0 0.83828125 0.61328125 0.2421875 0.421875
0 0.66015625 0.13203125 0.0875 0.13125
0 0.31171875 0.1953125 0.109375 0.2671875
0 0.73203125 0.52421875 0.0765625 0.2859375
0 0.67734375 0.37265625 0.0734375 0.1875
0 0.07109375 0.34765625 0.1421875 0.25
0 0.1390625 0.1953125 0.1046875 0.3890625
0 0.8609375 0.76796875 0.2421875 0.3
0 0.6421875 0.253125 0.0984375 0.1828125
0 0.1953125 0.33125 0.0703125 0.09375
0 0.8359375 0.1734375 0.0765625 0.215625