0 0.8828125 0.54765625 0.0453125 0.1609375
0 0.41953125 0.55625 0.0625 0.1734375
0 0.6171875 0.47734375 0.0203125 0.04375
0 0.646875 0.55390625 0.071875 0.184375
0 0.73671875 0.55078125 0.0734375 0.1765625
0 0.67578125 0.5265625 0.04375 0.125
0 0.246875 0.5421875 0.0609375 0.1421875
0 0.34765625 0.5328125 0.034375 0.1328125
0 0.38125 0.5390625 0.0390625 0.1296875
0 0.584375 0.475 0.0234375 0.04375
0 0.1171875 0.58984375 0.059375 0.190625
0 0.4421875 0.53125 0.0375 0.1421875
0 0.32421875 0.56640625 0.0828125 0.1734375