0 0.81328125 0.50703125 0.0234375 0.209375
0 0.68671875 0.47890625 0.0140625 0.13125
0 0.5734375 0.42578125 0.0125 0.084375
0 0.71328125 0.46484375 0.0203125 0.1671875
0 0.728125 0.453125 0.0140625 0.125
0 0.9421875 0.47421875 0.0078125 0.09375
0 0.9734375 0.46015625 0.0125 0.05625
0 0.95390625 0.46015625 0.0140625 0.046875
0 0.5625 0.45546875 0.0125 0.1109375
0 0.82421875 0.4375 0.009375 0.0421875
0 0.60078125 0.42109375 0.0140625 0.075
0 0.51875 0.43046875 0.0125 0.1109375
0 0.55234375 0.45078125 0.009375 0.1109375