0 0.22890625 0.26171875 0.4046875 0.5078125
0 0.35546875 0.59375 0.084375 0.5140625
0 0.4953125 0.56796875 0.1015625 0.359375
0 0.57109375 0.55859375 0.0734375 0.503125
0 0.4203125 0.5625 0.0625 0.31875
0 0.9234375 0.4609375 0.1375 0.671875
0 0.57734375 0.5515625 0.1109375 0.5515625
0 0.6671875 0.52109375 0.1046875 0.603125
0 0.77265625 0.509375 0.1328125 0.640625
0 0.10703125 0.68671875 0.059375 0.33125
0 0.04375 0.71484375 0.05 0.2796875
0 0.15 0.54140625 0.04375 0.1546875
0 0.0125 0.72734375 0.025 0.28125