0 0.83515625 0.4203125 0.0953125 0.2921875
0 0.36640625 0.284375 0.046875 0.0859375
0 0.1921875 0.6546875 0.1671875 0.290625
0 0.13203125 0.51953125 0.1375 0.53125
0 0.6296875 0.27265625 0.090625 0.1140625
0 0.54453125 0.28828125 0.084375 0.16875
0 0.4359375 0.25390625 0.0859375 0.1546875
0 0.27734375 0.24921875 0.078125 0.11875
0 0.33984375 0.31640625 0.0875 0.11875
0 0.49140625 0.59375 0.16875 0.478125
0 0.22890625 0.0921875 0.0859375 0.1375
0 0.7265625 0.2796875 0.046875 0.09375
0 0.51953125 0.10859375 0.08125 0.1265625