0 0.81953125 0.82109375 0.0046875 0.0234375
0 0.096875 0.82734375 0.0125 0.0421875
0 0.065625 0.88359375 0.0421875 0.1125
0 0.0203125 0.90390625 0.0390625 0.1
0 0.9890625 0.82578125 0.009375 0.0296875
0 0.9140625 0.83671875 0.0109375 0.0125
0 0.778125 0.82421875 0.0078125 0.0203125
0 0.83359375 0.81953125 0.00625 0.0203125
0 0.1171875 0.865625 0.05 0.1234375
0 0.10078125 0.85859375 0.034375 0.1078125
0 0.7 0.83984375 0.015625 0.0578125
0 0.053125 0.84765625 0.0109375 0.0171875
0 0.025 0.809375 0.0140625 0.0296875