0 0.615625 0.5015625 0.4828125 0.99609375
0 0.17109375 0.34765625 0.2359375 0.3671875
0 0.27109375 0.14609375 0.0578125 0.146875
0 0.93125 0.625 0.1375 0.75
0 0.37890625 0.11796875 0.046875 0.1234375
0 0.3171875 0.12421875 0.0046875 0.15625
0 0.21015625 0.18515625 0.0453125 0.1140625
0 0.02578125 0.24375 0.0515625 0.128125
0 0.0609375 0.209375 0.0515625 0.128125
0 0.1296875 0.18828125 0.0578125 0.0984375
0 0.3390625 0.1125 0.0546875 0.159375
0 0.1078125 0.1578125 0.059375 0.1328125
0 0.1703125 0.1671875 0.06875 0.1515625