0 0.3984375 0.52890625 0.0140625 0.0453125
0 0.41875 0.53046875 0.0265625 0.05625
0 0.30390625 0.53984375 0.0265625 0.0390625
0 0.36953125 0.53125 0.0328125 0.0625
0 0.45 0.54453125 0.0109375 0.0234375
0 0.740625 0.56953125 0.096875 0.0484375
0 0.61640625 0.55078125 0.009375 0.0390625
0 0.64765625 0.54609375 0.0125 0.0234375
0 0.67890625 0.553125 0.01875 0.0359375
0 0.57109375 0.509375 0.0109375 0.0328125
0 0.2328125 0.51953125 0.046875 0.0359375
0 0.76015625 0.534375 0.00625 0.0078125
0 0.590625 0.55546875 0.0078125 0.0171875