0 0.72265625 0.67578125 0.14375 0.64375
0 0.84921875 0.690625 0.159375 0.5828125
0 0.55078125 0.4953125 0.0375 0.1609375
0 0.075 0.440625 0.028125 0.04375
0 0.4578125 0.44140625 0.025 0.0375
0 0.4359375 0.434375 0.01875 0.0421875
0 0.5078125 0.478125 0.0546875 0.1234375
0 0.93828125 0.46171875 0.0453125 0.0859375
0 0.9125 0.49296875 0.0375 0.04375
0 0.6296875 0.509375 0.046875 0.19375
0 0.60703125 0.4765625 0.0171875 0.0984375
0 0.6515625 0.49609375 0.021875 0.159375
0 0.57265625 0.4921875 0.0140625 0.128125