0 0.07734375 0.6453125 0.109375 0.46875
0 0.34609375 0.6328125 0.1078125 0.50625
0 0.45078125 0.66171875 0.103125 0.428125
0 0.90078125 0.678125 0.1171875 0.4359375
0 0.2046875 0.646875 0.1234375 0.5265625
0 0.80625 0.68515625 0.0796875 0.3875
0 0.73828125 0.6921875 0.034375 0.184375
0 0.53359375 0.66328125 0.125 0.4984375
0 0.65546875 0.67578125 0.078125 0.425
0 0.7578125 0.70078125 0.03125 0.18125
0 0.1453125 0.6203125 0.0234375 0.0703125
0 0.70390625 0.70390625 0.0296875 0.1703125
0 0.58828125 0.66875 0.06875 0.4609375