0 0.63984375 0.52578125 0.18125 0.29375
0 0.428125 0.49921875 0.1890625 0.2078125
0 0.07890625 0.70546875 0.1515625 0.5890625
0 0.3125 0.4703125 0.0484375 0.1578125
0 0.65078125 0.403125 0.0875 0.06875
0 0.83515625 0.471875 0.0609375 0.1453125
0 0.91484375 0.459375 0.0734375 0.0515625
0 0.353125 0.42578125 0.04375 0.08125
0 0.87578125 0.528125 0.1234375 0.103125
0 0.50703125 0.40078125 0.0375 0.03125
0 0.57421875 0.50390625 0.1859375 0.1796875
0 0.971875 0.45703125 0.05625 0.1171875
0 0.33671875 0.40703125 0.0609375 0.0640625