0 0.4109375 0.58203125 0.290625 0.6015625
0 0.67890625 0.6734375 0.1875 0.39375
0 0.765625 0.15546875 0.0796875 0.175
0 0.15546875 0.3328125 0.09375 0.2953125
0 0.20703125 0.309375 0.071875 0.3203125
0 0.26796875 0.2046875 0.0734375 0.1921875
0 0.66015625 0.4296875 0.1046875 0.128125
0 0.76328125 0.44765625 0.0984375 0.09375
0 0.96640625 0.478125 0.0640625 0.5
0 0.7 0.2421875 0.10625 0.1640625
0 0.58828125 0.24609375 0.078125 0.15625
0 0.903125 0.51015625 0.15625 0.7171875
0 0.30234375 0.415625 0.10625 0.1265625