0 0.96796875 0.67890625 0.0640625 0.225
0 0.928125 0.66328125 0.0578125 0.1953125
0 0.71328125 0.6890625 0.059375 0.31875
0 0.86484375 0.659375 0.071875 0.2515625
0 0.78671875 0.68203125 0.06875 0.321875
0 0.746875 0.67734375 0.03125 0.2828125
0 0.58671875 0.67265625 0.0734375 0.2703125
0 0.2859375 0.60078125 0.021875 0.0421875
0 0.0828125 0.74140625 0.0625 0.3265625
0 0.14296875 0.59921875 0.0296875 0.0515625
0 0.16328125 0.59453125 0.0265625 0.06875
0 0.2328125 0.59609375 0.0265625 0.0453125
0 0.54296875 0.63671875 0.034375 0.1625