0 0.40703125 0.47734375 0.103125 0.3578125
0 0.29921875 0.57421875 0.078125 0.4609375
0 0.61875 0.70703125 0.178125 0.5359375
0 0.8625 0.4703125 0.059375 0.159375
0 0.1015625 0.49765625 0.065625 0.1390625
0 0.725 0.4515625 0.028125 0.0875
0 0.6953125 0.46328125 0.040625 0.1296875
0 0.66875 0.4625 0.021875 0.1265625
0 0.81328125 0.465625 0.0734375 0.190625
0 0.9734375 0.47890625 0.0046875 0.228125
0 0.76171875 0.4765625 0.0390625 0.1578125
0 0.9796875 0.5109375 0.040625 0.275
0 0.51171875 0.44453125 0.0125 0.028125