0 0.91796875 0.6734375 0.1640625 0.2609375
0 0.5 0.5046875 0.1046875 0.4015625
0 0.73671875 0.63359375 0.1640625 0.6875
0 0.30546875 0.565625 0.16875 0.5890625
0 0.678125 0.38125 0.0125 0.096875
0 0.9703125 0.4296875 0.021875 0.1109375
0 0.58984375 0.37890625 0.0203125 0.1078125
0 0.54921875 0.378125 0.01875 0.10625
0 0.603125 0.378125 0.0140625 0.1109375
0 0.6390625 0.38125 0.021875 0.1203125
0 0.796875 0.4 0.01875 0.09375
0 0.690625 0.37109375 0.0171875 0.0875
0 0.55703125 0.37578125 0.0171875 0.1171875