0 0.4078125 0.52890625 0.1546875 0.465625
0 0.1890625 0.25078125 0.0640625 0.38125
0 0.06875 0.3609375 0.0984375 0.3515625
0 0.53203125 0.1140625 0.1046875 0.1625
0 0.48984375 0.10234375 0.078125 0.165625
0 0.71875 0.16328125 0.0921875 0.1375
0 0.875 0.184375 0.115625 0.23125
0 0.75703125 0.16953125 0.109375 0.2078125
0 0.93671875 0.21328125 0.1203125 0.2015625
0 0.646875 0.1625 0.09375 0.1828125
0 0.82890625 0.184375 0.0796875 0.2015625
0 0.9578125 0.08828125 0.084375 0.1765625
0 0.26015625 0.09140625 0.0796875 0.1828125