0 0.43125 0.5234375 0.6578125 0.7703125
0 0.41484375 0.165625 0.146875 0.23125
0 0.56875 0.14140625 0.1265625 0.1953125
0 0.8640625 0.24453125 0.1734375 0.4671875
0 0.31875 0.22578125 0.140625 0.3640625
0 0.2328125 0.23515625 0.109375 0.3328125
0 0.159375 0.21015625 0.0796875 0.2609375
0 0.73046875 0.0375 0.0765625 0.0734375
0 0.85390625 0.665625 0.2921875 0.4515625
0 0.7859375 0.0671875 0.053125 0.13125
0 0.73515625 0.2625 0.146875 0.3953125
0 0.76953125 0.059375 0.0234375 0.0375
0 0.07109375 0.23828125 0.1234375 0.3