0 0.6328125 0.5671875 0.090625 0.1875
0 0.184375 0.53671875 0.203125 0.5203125
0 0.559375 0.44921875 0.0671875 0.071875
0 0.5890625 0.415625 0.071875 0.1109375
0 0.321875 0.3828125 0.09375 0.115625
0 0.31796875 0.29375 0.0765625 0.1046875
0 0.3625 0.26171875 0.0546875 0.09375
0 0.409375 0.1046875 0.04375 0.0703125
0 0.46328125 0.1421875 0.071875 0.0703125
0 0.4546875 0.17734375 0.053125 0.0671875
0 0.39140625 0.359375 0.0796875 0.146875
0 0.31796875 0.45078125 0.0890625 0.071875
0 0.6359375 0.371875 0.09375 0.1234375