0 0.53046875 0.55625 0.190625 0.3578125
0 0.21015625 0.6375 0.096875 0.24375
0 0.0921875 0.66953125 0.0984375 0.2359375
0 0.1453125 0.47265625 0.0640625 0.2140625
0 0.29375 0.55 0.053125 0.2515625
0 0.38359375 0.59453125 0.0671875 0.13125
0 0.41171875 0.57109375 0.046875 0.0953125
0 0.15625 0.65625 0.0890625 0.2171875
0 0.8390625 0.515625 0.040625 0.1671875
0 0.02890625 0.66875 0.0578125 0.2453125
0 0.62109375 0.50234375 0.0234375 0.1328125
0 0.71640625 0.55234375 0.059375 0.1875
0 0.8984375 0.7859375 0.203125 0.42734375
0 0.9703125 0.48515625 0.059375 0.18046875
0 0.92890625 0.50390625 0.0625 0.15078125
0 0.89296875 0.52578125 0.04140625 0.15078125