0 0.590625 0.52265625 0.153125 0.25625
0 0.85546875 0.528125 0.121875 0.2171875
0 0.24140625 0.45 0.0703125 0.109375
0 0.08515625 0.3515625 0.028125 0.025
0 0.596875 0.36328125 0.0234375 0.059375
0 0.6421875 0.35390625 0.009375 0.053125
0 0.765625 0.34921875 0.046875 0.0515625
0 0.07109375 0.44453125 0.0765625 0.1109375
0 0.97421875 0.36015625 0.0421875 0.0703125
0 0.16171875 0.446875 0.0671875 0.1140625
0 0.0953125 0.315625 0.015625 0.0109375
0 0.2671875 0.4375 0.0375 0.1046875
0 0.93828125 0.36953125 0.025 0.065625