0 0.33984375 0.20234375 0.040625 0.0796875
0 0.56640625 0.228125 0.0390625 0.15625
0 0.6265625 0.22890625 0.0359375 0.15
0 0.759375 0.22421875 0.04375 0.1515625
0 0.80546875 0.240625 0.053125 0.1375
0 0.31953125 0.2421875 0.0515625 0.140625
0 0.21796875 0.2 0.04375 0.08125
0 0.415625 0.21484375 0.034375 0.1546875
0 0.19921875 0.17265625 0.0140625 0.025
0 0.50078125 0.23125 0.0609375 0.1515625
0 0.47421875 0.23125 0.0390625 0.15625
0 0.825 0.18828125 0.025 0.0890625
0 0.6015625 0.22890625 0.0515625 0.1421875