0 0.384375 0.5890625 0.1625 0.6984375
0 0.5890625 0.5921875 0.159375 0.6359375
0 0.678125 0.453125 0.090625 0.409375
0 0.84296875 0.5 0.1453125 0.584375
0 0.9 0.51484375 0.1046875 0.5875
0 0.2 0.47265625 0.128125 0.1984375
0 0.11328125 0.38984375 0.034375 0.1359375
0 0.02421875 0.39921875 0.0265625 0.15625
0 0.3328125 0.35546875 0.0625 0.2375
0 0.08515625 0.38828125 0.0265625 0.1390625
0 0.178125 0.3796875 0.028125 0.1265625
0 0.05234375 0.39453125 0.0421875 0.178125
0 0.30234375 0.35234375 0.021875 0.1