0 0.81015625 0.740625 0.184375 0.4203125
0 0.75390625 0.60390625 0.059375 0.096875
0 0.64921875 0.7328125 0.078125 0.4421875
0 0.5953125 0.44140625 0.4625 0.8828125
0 0.3359375 0.75859375 0.065625 0.39375
0 0.315625 0.765625 0.1515625 0.39375
0 0.0921875 0.771875 0.1234375 0.3875
0 0.1171875 0.6609375 0.059375 0.1734375
0 0.9 0.59921875 0.0703125 0.15
0 0.38203125 0.63984375 0.1015625 0.23125
0 0.43984375 0.66640625 0.1046875 0.2109375
0 0.7 0.74609375 0.0796875 0.4046875
0 0.95625 0.70859375 0.0875 0.2859375