0 0.56328125 0.69765625 0.1515625 0.253125
0 0.6234375 0.6453125 0.046875 0.13125
0 0.52265625 0.64765625 0.04375 0.13125
0 0.04375 0.63671875 0.05 0.1375
0 0.42734375 0.625 0.059375 0.109375
0 0.75625 0.73984375 0.1390625 0.1828125
0 0.70859375 0.60703125 0.046875 0.13125
0 0.3125 0.6328125 0.046875 0.128125
0 0.2828125 0.6328125 0.0421875 0.1234375
0 0.52265625 0.275 0.0203125 0.0671875
0 0.85390625 0.71171875 0.096875 0.2359375
0 0.89296875 0.66953125 0.0296875 0.1234375
0 0.91015625 0.67109375 0.0328125 0.140625