0 0.7421875 0.78515625 0.30625 0.4296875
0 0.2578125 0.8 0.5125 0.4
0 0.421875 0.79765625 0.2328125 0.38125
0 0.46328125 0.6265625 0.046875 0.0734375
0 0.825 0.62109375 0.06875 0.05
0 0.05859375 0.6203125 0.0296875 0.053125
0 0.0234375 0.61953125 0.0390625 0.0609375
0 0.0984375 0.62109375 0.0390625 0.059375
0 0.56953125 0.690625 0.109375 0.1625
0 0.9765625 0.66953125 0.046875 0.125
0 0.9015625 0.621875 0.0578125 0.0046875
0 0.91796875 0.6875 0.0953125 0.1546875
0 0.5453125 0.64140625 0.0546875 0.053125