0 0.23359375 0.434375 0.0671875 0.29375
0 0.54609375 0.65859375 0.1515625 0.4640625
0 0.09921875 0.52265625 0.0890625 0.2375
0 0.5875 0.08828125 0.04375 0.059375
0 0.896875 0.07734375 0.05 0.065625
0 0.40859375 0.0953125 0.040625 0.0609375
0 0.5234375 0.065625 0.065625 0.10625
0 0.1171875 0.07890625 0.0828125 0.1578125
0 0.8375 0.05390625 0.05 0.1078125
0 0.91796875 0.05078125 0.04375 0.1015625
0 0.23515625 0.0390625 0.0421875 0.075
0 0.18125 0.04921875 0.0390625 0.0984375
0 0.275 0.03203125 0.05 0.0640625