0 0.30234375 0.7328125 0.0390625 0.1375
0 0.40390625 0.71640625 0.034375 0.1328125
0 0.403125 0.61796875 0.028125 0.0953125
0 0.915625 0.85625 0.059375 0.0890625
0 0.86171875 0.90078125 0.0640625 0.1078125
0 0.728125 0.64296875 0.025 0.0859375
0 0.8546875 0.68046875 0.04375 0.128125
0 0.921875 0.67421875 0.028125 0.1171875
0 0.7390625 0.83828125 0.0515625 0.071875
0 0.88359375 0.6671875 0.021875 0.121875
0 0.840625 0.6625 0.0296875 0.1265625
0 0.7390625 0.5734375 0.0171875 0.065625
0 0.903125 0.68046875 0.025 0.11875