0 0.4296875 0.60546875 0.09375 0.575
0 0.54140625 0.52109375 0.0421875 0.3921875
0 0.8453125 0.59609375 0.09375 0.6125
0 0.0953125 0.54921875 0.0328125 0.425
0 0.7671875 0.5515625 0.053125 0.434375
0 0.85390625 0.44609375 0.015625 0.159375
0 0.8859375 0.53046875 0.0390625 0.4015625
0 0.19765625 0.528125 0.04375 0.3921875
0 0.0453125 0.59375 0.0890625 0.5703125
0 0.11640625 0.43671875 0.0171875 0.1640625
0 0.4 0.43671875 0.015625 0.15
0 0.73671875 0.44375 0.0203125 0.159375
0 0.51640625 0.4390625 0.015625 0.159375