0 0.36953125 0.36015625 0.0203125 0.0609375
0 0.39921875 0.34765625 0.0171875 0.0484375
0 0.4578125 0.371875 0.0203125 0.05625
0 0.47890625 0.38046875 0.009375 0.0296875
0 0.28515625 0.36015625 0.040625 0.0671875
0 0.52890625 0.38046875 0.009375 0.0234375
0 0.5625 0.36484375 0.025 0.075
0 0.69375 0.36328125 0.0171875 0.0421875
0 0.72421875 0.36171875 0.0203125 0.0421875
0 0.63203125 0.38046875 0.015625 0.0140625
0 0.59375 0.36328125 0.021875 0.0578125
0 0.653125 0.3625 0.0109375 0.0421875
0 0.43359375 0.37109375 0.0140625 0.06875