0 0.096875 0.5828125 0.1078125 0.5078125
0 0.38984375 0.28046875 0.0734375 0.16875
0 0.23515625 0.58984375 0.0859375 0.471875
0 0.5234375 0.26328125 0.05 0.09375
0 0.42578125 0.4671875 0.0765625 0.25625
0 0.490625 0.5078125 0.0859375 0.315625
0 0.81015625 0.62578125 0.1140625 0.5734375
0 0.64375 0.52734375 0.1 0.2765625
0 0.60859375 0.409375 0.040625 0.1125
0 0.7234375 0.60234375 0.0875 0.4921875
0 0.65703125 0.74296875 0.1421875 0.3734375
0 0.5171875 0.696875 0.1078125 0.328125
0 0.3984375 0.7046875 0.1390625 0.3328125