0 0.3640625 0.6296875 0.0390625 0.090625
0 0.29140625 0.67109375 0.0390625 0.0875
0 0.85 0.5703125 0.0484375 0.0671875
0 0.903125 0.5625 0.0375 0.05625
0 0.9109375 0.6078125 0.0515625 0.075
0 0.9640625 0.60390625 0.0375 0.059375
0 0.24453125 0.684375 0.0375 0.06875
0 0.1015625 0.68203125 0.0515625 0.0875
0 0.1453125 0.5640625 0.0296875 0.053125
0 0.8265625 0.46875 0.0203125 0.0234375
0 0.5609375 0.603125 0.028125 0.0671875
0 0.18046875 0.9359375 0.1078125 0.075
0 0.43203125 0.93984375 0.128125 0.09375