0 0.1265625 0.14609375 0.0765625 0.1890625
0 0.234375 0.13828125 0.16875 0.20625
0 0.353125 0.13359375 0.08125 0.1953125
0 0.4171875 0.13046875 0.06875 0.2046875
0 0.51640625 0.13359375 0.1265625 0.19375
0 0.7953125 0.22109375 0.0578125 0.2234375
0 0.94609375 0.184375 0.078125 0.1453125
0 0.7328125 0.2125 0.0875 0.3140625
0 0.64609375 0.178125 0.05 0.1265625
0 0.590625 0.16328125 0.040625 0.1359375
0 0.840625 0.18984375 0.0421875 0.0828125
0 0.95 0.2375 0.1 0.2671875
0 0.909375 0.15703125 0.05 0.0703125