0 0.55390625 0.55078125 0.0203125 0.078125
0 0.5828125 0.54921875 0.0125 0.075
0 0.08125 0.5234375 0.034375 0.1171875
0 0.5046875 0.5515625 0.015625 0.059375
0 0.5171875 0.503125 0.021875 0.0640625
0 0.4515625 0.5515625 0.0109375 0.0703125
0 0.56328125 0.546875 0.0109375 0.06875
0 0.4078125 0.5578125 0.009375 0.059375
0 0.759375 0.390625 0.0125 0.01875
0 0.80625 0.37734375 0.0140625 0.021875
0 0.92109375 0.36171875 0.0203125 0.028125
0 0.865625 0.51328125 0.0265625 0.040625
0 0.178125 0.503125 0.025 0.0640625