0 0.90703125 0.52890625 0.065625 0.1734375
0 0.80546875 0.5375 0.065625 0.240625
0 0.69140625 0.6640625 0.125 0.1890625
0 0.6140625 0.66640625 0.1109375 0.1703125
0 0.52578125 0.68046875 0.1125 0.165625
0 0.45 0.6828125 0.11875 0.1796875
0 0.346875 0.7015625 0.0875 0.1796875
0 0.275 0.690625 0.06875 0.1359375
0 0.25234375 0.690625 0.05625 0.1125
0 0.1015625 0.71640625 0.09375 0.196875
0 0.9015625 0.659375 0.078125 0.121875
0 0.74140625 0.6015625 0.053125 0.09375
0 0.76328125 0.65234375 0.0796875 0.09375