0 0.91015625 0.36875 0.0640625 0.0875
0 0.04375 0.37421875 0.028125 0.065625
0 0.659375 0.3 0.0140625 0.021875
0 0.01328125 0.3640625 0.0265625 0.0578125
0 0.07734375 0.32578125 0.03125 0.065625
0 0.1171875 0.32890625 0.025 0.04375
0 0.22734375 0.3421875 0.028125 0.040625
0 0.75390625 0.35859375 0.028125 0.05
0 0.5609375 0.39140625 0.03125 0.0296875
0 0.65859375 0.29140625 0.0109375 0.0140625
0 0.7703125 0.2984375 0.0125 0.0171875
0 0.44765625 0.36171875 0.0375 0.1015625
0 0.95078125 0.453125 0.040625 0.04375