0 0.41796875 0.353125 0.24375 0.3765625
0 0.54921875 0.109375 0.084375 0.1859375
0 0.68203125 0.08984375 0.0859375 0.1171875
0 0.4328125 0.08046875 0.0453125 0.13125
0 0.21015625 0.0984375 0.06875 0.1046875
0 0.27109375 0.10390625 0.0546875 0.0640625
0 0.87578125 0.06953125 0.0765625 0.1390625
0 0.47890625 0.11015625 0.065625 0.1078125
0 0.3828125 0.11015625 0.0578125 0.1
0 0.1234375 0.1046875 0.059375 0.090625
0 0.33203125 0.0890625 0.065625 0.090625
0 0.16015625 0.1125 0.05 0.0859375
0 0.77265625 0.08984375 0.08125 0.1390625