0 0.34921875 0.78515625 0.1375 0.215625
0 0.5609375 0.79453125 0.0796875 0.1734375
0 0.671875 0.65703125 0.00625 0.0171875
0 0.115625 0.7359375 0.05625 0.0359375
0 0.03046875 0.6734375 0.0140625 0.034375
0 0.64375 0.6640625 0.009375 0.0171875
0 0.98828125 0.63125 0.0109375 0.015625
0 0.80390625 0.6640625 0.0109375 0.0203125
0 0.690625 0.66796875 0.0140625 0.0125
0 0.65625 0.66171875 0.00625 0.00625
0 0.834375 0.64375 0.0109375 0.009375
0 0.8515625 0.64296875 0.0140625 0.00625
0 0.91484375 0.63359375 0.009375 0.015625