0 0.4328125 0.625 0.0265625 0.09375
0 0.00703125 0.62421875 0.0140625 0.0921875
0 0.265625 0.61171875 0.0234375 0.0765625
0 0.1359375 0.61171875 0.0171875 0.0671875
0 0.20546875 0.61328125 0.0234375 0.0765625
0 0.1640625 0.61015625 0.0203125 0.0734375
0 0.10625 0.59453125 0.009375 0.0390625
0 0.21875 0.60703125 0.0125 0.0484375
0 0.2359375 0.61484375 0.021875 0.075
0 0.70625 0.59296875 0.0140625 0.0453125
0 0.9796875 0.59921875 0.0125 0.0546875
0 0.31875 0.609375 0.0171875 0.0609375
0 0.95234375 0.60546875 0.0125 0.0375