0 0.47578125 0.659375 0.0796875 0.3015625
0 0.43203125 0.6328125 0.0625 0.3234375
0 0.15703125 0.50078125 0.3140625 0.9984375
0 0.9359375 0.52109375 0.0953125 0.2296875
0 0.753125 0.54296875 0.071875 0.203125
0 0.80859375 0.70234375 0.171875 0.4609375
0 0.55546875 0.53359375 0.096875 0.1125
0 0.971875 0.5140625 0.05625 0.146875
0 0.68203125 0.5796875 0.0921875 0.2265625
0 0.8546875 0.51015625 0.0890625 0.1265625
0 0.5671875 0.52421875 0.021875 0.05625
0 0.340625 0.5921875 0.0703125 0.253125
0 0.3109375 0.55703125 0.0375 0.315625
0 0.18515625 0.5546875 0.05546875 0.16328125