0 0.734375 0.28515625 0.0265625 0.0375
0 0.58671875 0.32421875 0.196875 0.30625
0 0.540625 0.2765625 0.2015625 0.3484375
0 0.65390625 0.40625 0.1046875 0.2390625
0 0.66015625 0.6171875 0.2984375 0.5046875
0 0.77109375 0.3828125 0.140625 0.1640625
0 0.82734375 0.4015625 0.0875 0.1265625
0 0.865625 0.4125 0.0671875 0.140625
0 0.9171875 0.475 0.0625 0.134375
0 0.85234375 0.51640625 0.128125 0.196875
0 0.70703125 0.41328125 0.1796875 0.290625
0 0.94140625 0.58671875 0.115625 0.2515625
0 0.47265625 0.253125 0.2078125 0.340625