0 0.75390625 0.4140625 0.103125 0.575
0 0.0609375 0.49296875 0.121875 0.9828125
0 0.875 0.19296875 0.0609375 0.225
0 0.91796875 0.24140625 0.0828125 0.2640625
0 0.8125 0.26796875 0.05 0.3328125
0 0.2265625 0.2390625 0.0546875 0.3
0 0.34609375 0.3140625 0.096875 0.471875
0 0.86015625 0.3 0.075 0.18125
0 0.11796875 0.234375 0.065625 0.2609375
0 0.45234375 0.1984375 0.071875 0.253125
0 0.46953125 0.43203125 0.0765625 0.325
0 0.471875 0.2265625 0.115625 0.33125
0 0.19375 0.22890625 0.0953125 0.2578125