0 0.58046875 0.45859375 0.2515625 0.709375
0 0.39921875 0.28046875 0.153125 0.325
0 0.83828125 0.21640625 0.1484375 0.3328125
0 0.74140625 0.15 0.078125 0.1640625
0 0.6671875 0.1265625 0.028125 0.059375
0 0.61640625 0.1234375 0.0328125 0.0046875
0 0.9515625 0.14375 0.0546875 0.0859375
0 0.13515625 0.17578125 0.0046875 0.078125
0 0.80703125 0.1203125 0.0671875 0.0875
0 0.9078125 0.14296875 0.0625 0.13125
0 0.2078125 0.26953125 0.1890625 0.334375
0 0.93984375 0.20234375 0.0734375 0.0921875
0 0.05234375 0.18203125 0.0546875 0.203125