0 0.60546875 0.56953125 0.596875 0.528125
0 0.80703125 0.4109375 0.09375 0.0921875
0 0.7953125 0.42734375 0.0625 0.1390625
0 0.5671875 0.371875 0.0234375 0.0546875
0 0.7046875 0.353125 0.0140625 0.06875
0 0.3046875 0.44609375 0.0390625 0.1625
0 0.2765625 0.4296875 0.0328125 0.13125
0 0.603125 0.428125 0.0359375 0.1859375
0 0.63125 0.38828125 0.025 0.1078125
0 0.61640625 0.35078125 0.0140625 0.0546875
0 0.65703125 0.3359375 0.021875 0.0609375
0 0.684375 0.33671875 0.0171875 0.0609375
0 0.734375 0.37421875 0.028125 0.0921875