0 0.68671875 0.115625 0.19375 0.23125
0 0.259375 0.796875 0.128125 0.2625
0 0.209375 0.36171875 0.0796875 0.23125
0 0.1296875 0.69609375 0.0703125 0.1140625
0 0.26015625 0.10234375 0.1125 0.2046875
0 0.328125 0.43671875 0.1125 0.3578125
0 0.05703125 0.365625 0.1140625 0.3078125
0 0.06875 0.77265625 0.1078125 0.340625
0 0.11796875 0.503125 0.1265625 0.2625
0 0.18671875 0.503125 0.040625 0.1234375
0 0.52890625 0.59921875 0.6078125 0.76875
0 0.9546875 0.14453125 0.090625 0.2265625
0 0.18984375 0.159375 0.09375 0.2265625