0 0.62578125 0.78828125 0.240625 0.3734375
0 0.2140625 0.6828125 0.334375 0.5890625
0 0.4140625 0.721875 0.13125 0.40625
0 0.8359375 0.85390625 0.1015625 0.2328125
0 0.325 0.5046875 0.0671875 0.1609375
0 0.11640625 0.43046875 0.103125 0.2078125
0 0.61796875 0.51953125 0.0203125 0.0515625
0 0.20234375 0.35390625 0.0265625 0.025
0 0.07890625 0.45703125 0.1203125 0.2875
0 0.725 0.77109375 0.0640625 0.2046875
0 0.27265625 0.36171875 0.0671875 0.13125
0 0.828125 0.81796875 0.103125 0.2671875
0 0.103125 0.33203125 0.08125 0.240625