0 0.18125 0.6875 0.1125 0.3328125
0 0.5859375 0.734375 0.1265625 0.43125
0 0.4984375 0.58359375 0.025 0.0875
0 0.0203125 0.53046875 0.0171875 0.0484375
0 0.5203125 0.53359375 0.0125 0.0359375
0 0.88515625 0.54609375 0.0125 0.0515625
0 0.87265625 0.54375 0.0234375 0.0671875
0 0.82578125 0.52734375 0.0109375 0.05
0 0.578125 0.471875 0.009375 0.03125
0 0.06953125 0.53515625 0.0140625 0.0359375
0 0.85 0.53359375 0.0140625 0.0578125
0 0.86328125 0.54140625 0.015625 0.0578125
0 0.83984375 0.534375 0.0078125 0.04375