0 0.9015625 0.709375 0.0328125 0.1421875
0 0.74765625 0.7015625 0.015625 0.078125
0 0.871875 0.7078125 0.0234375 0.1140625
0 0.940625 0.6984375 0.0171875 0.1171875
0 0.928125 0.7140625 0.0203125 0.1203125
0 0.7203125 0.7015625 0.0171875 0.071875
0 0.01015625 0.68203125 0.009375 0.0515625
0 0.68359375 0.703125 0.0125 0.06875
0 0.8859375 0.7015625 0.015625 0.1140625
0 0.9203125 0.70625 0.0125 0.1171875
0 0.69609375 0.6984375 0.015625 0.075
0 0.14375 0.6765625 0.0078125 0.0421875
0 0.14375 0.67890625 0.0078125 0.0421875