0 0.43046875 0.446875 0.2796875 0.6703125
0 0.6015625 0.44765625 0.1421875 0.60625
0 0.83984375 0.33046875 0.0515625 0.175
0 0.39375 0.35625 0.134375 0.3359375
0 0.30703125 0.30703125 0.0578125 0.1875
0 0.05625 0.81171875 0.1125 0.3546875
0 0.93046875 0.3375 0.0515625 0.1828125
0 0.4328125 0.196875 0.0390625 0.075
0 0.71015625 0.54296875 0.2171875 0.9140625
0 0.97578125 0.44765625 0.0046875 0.3859375
0 0.6875 0.35078125 0.059375 0.3109375
0 0.659375 0.24609375 0.028125 0.06875
0 0.06171875 0.40859375 0.1234375 0.5046875