0 0.840625 0.52265625 0.2015625 0.70625
0 0.74609375 0.57421875 0.08125 0.46875
0 0.10390625 0.73671875 0.0546875 0.14375
0 0.36640625 0.76640625 0.0109375 0.0171875
0 0.96640625 0.74453125 0.0109375 0.0453125
0 0.40625 0.76640625 0.0140625 0.01875
0 0.3796875 0.76640625 0.0109375 0.0171875
0 0.44375 0.75625 0.0125 0.0375
0 0.51171875 0.55859375 0.25 0.7015625
0 0.9140625 0.60546875 0.0828125 0.4609375
0 0.3921875 0.765625 0.0109375 0.0171875
0 0.340625 0.75859375 0.009375 0.0328125
0 0.32421875 0.74765625 0.0078125 0.0171875