0 0.69453125 0.271875 0.309375 0.521875
0 0.5125 0.315625 0.0375 0.13125
0 0.98125 0.29296875 0.0359375 0.15
0 0.81171875 0.19140625 0.0328125 0.0984375
0 0.79453125 0.2 0.01875 0.0421875
0 0.9671875 0.18203125 0.0390625 0.0796875
0 0.928125 0.228125 0.021875 0.084375
0 0.84140625 0.2 0.03125 0.0796875
0 0.11796875 0.3890625 0.0390625 0.0796875
0 0.73828125 0.28203125 0.0390625 0.0890625
0 0.24609375 0.37421875 0.0453125 0.1171875
0 0.87265625 0.14609375 0.04375 0.18125
0 0.85859375 0.23046875 0.0109375 0.0265625