0 0.61796875 0.51875 0.046875 0.06875
0 0.41015625 0.26875 0.0328125 0.0546875
0 0.33515625 0.28984375 0.028125 0.04375
0 0.0203125 0.53671875 0.0171875 0.0890625
0 0.60078125 0.2125 0.0421875 0.0765625
0 0.72109375 0.259375 0.0734375 0.0453125
0 0.73984375 0.26171875 0.0515625 0.06875
0 0.24296875 0.31640625 0.0203125 0.0296875
0 0.21640625 0.315625 0.0171875 0.0421875
0 0.378125 0.28125 0.03125 0.0484375
0 0.715625 0.51171875 0.0046875 0.0734375
0 0.0328125 0.53125 0.0140625 0.0640625
0 0.00703125 0.52734375 0.0140625 0.0484375