0 0.6 0.76015625 0.0765625 0.2078125
0 0.6921875 0.77578125 0.090625 0.2546875
0 0.6953125 0.60234375 0.08125 0.18125
0 0.82109375 0.55625 0.103125 0.2125
0 0.61875 0.56015625 0.0578125 0.2375
0 0.5203125 0.26484375 0.0453125 0.20625
0 0.06875 0.196875 0.078125 0.1921875
0 0.39765625 0.43671875 0.0671875 0.2171875
0 0.2046875 0.25546875 0.0578125 0.1953125
0 0.290625 0.3 0.0703125 0.2046875
0 0.32109375 0.23828125 0.065625 0.1921875
0 0.1625 0.19375 0.0515625 0.1859375
0 0.01953125 0.25078125 0.0390625 0.2078125