0 0.96015625 0.6234375 0.0796875 0.3875
0 0.77890625 0.72265625 0.0515625 0.315625
0 0.82421875 0.71328125 0.0640625 0.440625
0 0.73828125 0.696875 0.059375 0.29375
0 0.65703125 0.66328125 0.028125 0.2078125
0 0.6125 0.63828125 0.025 0.1796875
0 0.58671875 0.62890625 0.028125 0.1578125
0 0.56796875 0.63046875 0.0234375 0.1109375
0 0.6359375 0.5609375 0.0109375 0.028125
0 0.70859375 0.67890625 0.05 0.3015625
0 0.88203125 0.71015625 0.109375 0.55625
0 0.50234375 0.60390625 0.021875 0.0609375
0 0.52890625 0.60390625 0.009375 0.065625