0 0.6984375 0.77421875 0.0390625 0.265625
0 0.6671875 0.77578125 0.053125 0.29375
0 0.82109375 0.77578125 0.05 0.271875
0 0.4453125 0.74921875 0.0296875 0.1796875
0 0.8609375 0.7921875 0.0515625 0.3046875
0 0.86171875 0.8171875 0.065625 0.2875
0 0.2796875 0.65390625 0.053125 0.075
0 0.5046875 0.75234375 0.040625 0.225
0 0.58828125 0.7171875 0.0328125 0.125
0 0.5109375 0.73515625 0.0265625 0.153125
0 0.465625 0.7328125 0.0171875 0.1390625
0 0.53046875 0.66328125 0.015625 0.03125
0 0.059375 0.73671875 0.034375 0.1796875