0 0.46015625 0.659375 0.0578125 0.5328125
0 0.51015625 0.4984375 0.0859375 0.2734375
0 0.56015625 0.54609375 0.046875 0.29375
0 0.209375 0.41015625 0.0578125 0.18125
0 0.6703125 0.6296875 0.096875 0.5375
0 0.75703125 0.6390625 0.109375 0.5015625
0 0.42109375 0.66796875 0.115625 0.559375
0 0.46171875 0.36171875 0.06875 0.1734375
0 0.61953125 0.6453125 0.1109375 0.515625
0 0.53203125 0.73359375 0.1328125 0.3578125
0 0.334375 0.671875 0.10625 0.5296875
0 0.9140625 0.615625 0.084375 0.4296875
0 0.79609375 0.56953125 0.0609375 0.303125