0 0.64375 0.378125 0.01875 0.0515625
0 0.6171875 0.596875 0.1453125 0.6625
0 0.68515625 0.6125 0.1625 0.675
0 0.2625 0.49296875 0.0921875 0.5390625
0 0.425 0.4875 0.08828125 0.4015625
0 0.9171875 0.45703125 0.08125 0.3234375
0 0.1921875 0.44765625 0.0953125 0.346875
0 0.06015625 0.478125 0.053125 0.3625
0 0.52265625 0.40859375 0.0046875 0.2125
0 0.0671875 0.4109375 0.053125 0.203125
0 0.88671875 0.425 0.05 0.271875
0 0.03984375 0.62421875 0.0796875 0.534375
0 0.13046875 0.46171875 0.0046875 0.2453125