0 0.15703125 0.76015625 0.115625 0.29375
0 0.76875 0.58046875 0.015625 0.0515625
0 0.83046875 0.5734375 0.0359375 0.0953125
0 0.68125 0.58046875 0.0234375 0.1
0 0.80078125 0.5703125 0.0140625 0.0703125
0 0.721875 0.58203125 0.0140625 0.0484375
0 0.784375 0.5796875 0.0125 0.04375
0 0.82265625 0.56640625 0.021875 0.0796875
0 0.1015625 0.740625 0.05 0.275
0 0.64765625 0.57734375 0.025 0.109375
0 0.74453125 0.58046875 0.015625 0.05625
0 0.8609375 0.5703125 0.021875 0.0984375
0 0.7109375 0.58515625 0.0171875 0.0484375