0 0.09375 0.43984375 0.1875 0.5125
0 0.61875 0.59609375 0.1609375 0.2828125
0 0.36796875 0.5515625 0.23125 0.296875
0 0.65703125 0.790625 0.259375 0.41875
0 0.06796875 0.47265625 0.134375 0.8078125
0 0.2796875 0.81328125 0.3859375 0.3734375
0 0.8015625 0.49765625 0.25 0.9953125
0 0.428125 0.2140625 0.0671875 0.1953125
0 0.625 0.34140625 0.053125 0.1171875
0 0.64375 0.3953125 0.1015625 0.1390625
0 0.1828125 0.51171875 0.0796875 0.378125
0 0.9328125 0.3375 0.053125 0.0984375
0 0.3859375 0.36328125 0.0046875 0.103125