0 0.3359375 0.528125 0.04375 0.0375
0 0.07421875 0.559375 0.0125 0.0171875
0 0.33359375 0.50859375 0.0578125 0.0734375
0 0.0453125 0.58203125 0.034375 0.1171875
0 0.015625 0.58671875 0.03125 0.1171875
0 0.90390625 0.609375 0.04375 0.2015625
0 0.2265625 0.51796875 0.028125 0.0515625
0 0.5546875 0.23984375 0.0515625 0.065625
0 0.27421875 0.2921875 0.0359375 0.05
0 0.47578125 0.52109375 0.046875 0.0484375
0 0.60234375 0.4765625 0.04375 0.084375
0 0.41640625 0.52109375 0.034375 0.053125
0 0.4015625 0.51484375 0.0203125 0.0390625