0 0.63515625 0.803125 0.021875 0.0515625
0 0.15859375 0.77734375 0.0375 0.1234375
0 0.1 0.771875 0.0375 0.1078125
0 0.7609375 0.721875 0.0125 0.0359375
0 0.909375 0.70546875 0.0140625 0.0265625
0 0.52890625 0.70234375 0.0078125 0.03125
0 0.4609375 0.69296875 0.0109375 0.0265625
0 0.44765625 0.69453125 0.01875 0.03125
0 0.3640625 0.6875 0.0109375 0.03125
0 0.9875 0.70859375 0.0109375 0.0328125
0 0.93046875 0.67265625 0.0125 0.0296875
0 0.67734375 0.65234375 0.00625 0.0171875
0 0.846875 0.66796875 0.0078125 0.0234375