0 0.396875 0.465625 0.784375 0.8875
0 0.0859375 0.4 0.1453125 0.2828125
0 0.22578125 0.3640625 0.0765625 0.1171875
0 0.703125 0.37578125 0.115625 0.1765625
0 0.7109375 0.2984375 0.0265625 0.090625
0 0.76171875 0.35859375 0.078125 0.21875
0 0.85 0.29453125 0.0578125 0.196875
0 0.89296875 0.3171875 0.040625 0.1390625
0 0.81875 0.3 0.0375 0.184375
0 0.28515625 0.375 0.0421875 0.071875
0 0.2046875 0.4 0.0734375 0.090625
0 0.921875 0.27890625 0.0546875 0.1046875
0 0.91875 0.49453125 0.15625 0.9734375