0 0.21015625 0.521875 0.046875 0.128125
0 0.1203125 0.478125 0.03125 0.11875
0 0.1578125 0.30625 0.0546875 0.271875
0 0.05 0.234375 0.04375 0.0921875
0 0.10546875 0.43203125 0.084375 0.246875
0 0.24765625 0.359375 0.0390625 0.296875
0 0.53984375 0.52890625 0.0578125 0.1109375
0 0.3015625 0.534375 0.075 0.121875
0 0.315625 0.34453125 0.03125 0.2078125
0 0.37890625 0.3640625 0.028125 0.16875
0 0.64765625 0.50390625 0.096875 0.18125
0 0.46953125 0.521875 0.06875 0.128125
0 0.34453125 0.4625 0.0515625 0.096875