0 0.25703125 0.3859375 0.10625 0.175
0 0.5265625 0.44296875 0.1375 0.328125
0 0.7046875 0.73984375 0.1140625 0.203125
0 0.92734375 0.28828125 0.1390625 0.3078125
0 0.33359375 0.69453125 0.1515625 0.3078125
0 0.1515625 0.665625 0.19375 0.303125
0 0.478125 0.6171875 0.134375 0.2828125
0 0.65234375 0.52265625 0.084375 0.2375
0 0.7328125 0.43671875 0.125 0.2703125
0 0.46796875 0.1703125 0.071875 0.2
0 0.603125 0.30234375 0.084375 0.253125
0 0.25078125 0.65 0.0796875 0.178125
0 0.11328125 0.3203125 0.15625 0.2578125