0 0.81796875 0.45546875 0.1375 0.4328125
0 0.3515625 0.34921875 0.2515625 0.628125
0 0.203125 0.2875 0.053125 0.1515625
0 0.10546875 0.30703125 0.0375 0.13125
0 0.05390625 0.2890625 0.025 0.084375
0 0.03828125 0.303125 0.025 0.0921875
0 0.0171875 0.30703125 0.034375 0.1515625
0 0.471875 0.32109375 0.0859375 0.3015625
0 0.51875 0.31875 0.0609375 0.215625
0 0.5375 0.2734375 0.046875 0.2015625
0 0.64609375 0.36484375 0.0453125 0.2015625
0 0.94765625 0.35078125 0.1046875 0.3375
0 0.7 0.353125 0.0609375 0.209375