0 0.4609375 0.51171875 0.11875 0.45625
0 0.34296875 0.4921875 0.1453125 0.371875
0 0.05390625 0.0734375 0.1078125 0.134375
0 0.13671875 0.0703125 0.0703125 0.1296875
0 0.21328125 0.071875 0.0953125 0.1171875
0 0.54375 0.05546875 0.0640625 0.1015625
0 0.375 0.06171875 0.0859375 0.1234375
0 0.4578125 0.06015625 0.0984375 0.1203125
0 0.6171875 0.05234375 0.08125 0.1046875
0 0.2859375 0.0703125 0.0703125 0.1109375
0 0.134375 0.04375 0.0875 0.084375
0 0.45703125 0.55390625 0.18125 0.24375
0 0.79609375 0.05078125 0.1015625 0.1015625