0 0.3125 0.53671875 0.0734375 0.2265625
0 0.45078125 0.528125 0.03125 0.0921875
0 0.54375 0.459375 0.059375 0.0734375
0 0.62421875 0.46015625 0.0375 0.084375
0 0.22890625 0.54921875 0.1078125 0.2546875
0 0.13671875 0.55546875 0.078125 0.2421875
0 0.078125 0.578125 0.06875 0.2265625
0 0.49140625 0.5 0.034375 0.05
0 0.81015625 0.4390625 0.059375 0.084375
0 0.34609375 0.5359375 0.040625 0.2046875
0 0.40703125 0.52734375 0.0921875 0.25625
0 0.828125 0.4375 0.0375 0.059375
0 0.54453125 0.5171875 0.0734375 0.090625