0 0.2296875 0.56953125 0.1078125 0.2828125
0 0.0609375 0.478125 0.040625 0.13125
0 0.515625 0.47109375 0.0609375 0.09375
0 0.63671875 0.46953125 0.0671875 0.08125
0 0.64453125 0.42265625 0.034375 0.0890625
0 0.72265625 0.46484375 0.0546875 0.08125
0 0.69453125 0.465625 0.059375 0.0796875
0 0.79609375 0.46640625 0.0625 0.08125
0 0.821875 0.43984375 0.0265625 0.04375
0 0.90703125 0.46015625 0.0453125 0.0625
0 0.925 0.43359375 0.0203125 0.025
0 0.7515625 0.44296875 0.034375 0.0375
0 0.39296875 0.41015625 0.015625 0.0234375