0 0.334375 0.68515625 0.2859375 0.596875
0 0.746875 0.6796875 0.1296875 0.58125
0 0.771875 0.10390625 0.078125 0.090625
0 0.85078125 0.09296875 0.08125 0.0984375
0 0.80078125 0.065625 0.059375 0.1046875
0 0.95703125 0.06953125 0.0734375 0.109375
0 0.92734375 0.1109375 0.0859375 0.0984375
0 0.7296875 0.0796875 0.06875 0.1390625
0 0.67578125 0.11875 0.0578125 0.06875
0 0.55234375 0.09453125 0.071875 0.1703125
0 0.65703125 0.0703125 0.0875 0.1203125
0 0.521875 0.06640625 0.028125 0.05625
0 0.6 0.11875 0.0859375 0.1046875