0 0.93515625 0.71953125 0.1296875 0.2953125
0 0.63515625 0.65546875 0.1765625 0.3171875
0 0.96015625 0.14453125 0.0703125 0.2046875
0 0.91875 0.109375 0.078125 0.1796875
0 0.8421875 0.0625 0.0453125 0.0640625
0 0.803125 0.13046875 0.08125 0.1921875
0 0.74140625 0.11875 0.0875 0.1859375
0 0.6875 0.11015625 0.065625 0.18125
0 0.80859375 0.765625 0.18125 0.2125
0 0.878125 0.13984375 0.0828125 0.1859375
0 0.6421875 0.09921875 0.078125 0.1828125
0 0.40078125 0.07421875 0.0671875 0.1484375
0 0.51640625 0.05234375 0.059375 0.0921875