0 0.04140625 0.390625 0.0828125 0.3390625
0 0.60546875 0.265625 0.0359375 0.2078125
0 0.66171875 0.25859375 0.0390625 0.146875
0 0.77421875 0.26640625 0.0359375 0.125
0 0.8640625 0.25 0.0453125 0.121875
0 0.69609375 0.26875 0.0296875 0.128125
0 0.82578125 0.2453125 0.0390625 0.1671875
0 0.9078125 0.26796875 0.0421875 0.115625
0 0.89296875 0.26171875 0.040625 0.1203125
0 0.16953125 0.29921875 0.025 0.096875
0 0.1015625 0.2609375 0.0328125 0.0984375
0 0.13515625 0.296875 0.0375 0.1015625
0 0.046875 0.28203125 0.0390625 0.14375