0 0.52890625 0.90078125 0.0765625 0.15625
0 0.19296875 0.93515625 0.084375 0.125
0 0.15 0.92109375 0.084375 0.1578125
0 0.80546875 0.93046875 0.0671875 0.1390625
0 0.98046875 0.92109375 0.0390625 0.153125
0 0.20234375 0.86796875 0.0390625 0.059375
0 0.3421875 0.91015625 0.19375 0.1796875
0 0.046875 0.925 0.09375 0.15
0 0.91796875 0.93359375 0.1078125 0.1328125
0 0.3 0.878125 0.053125 0.0671875
0 0.865625 0.90703125 0.1 0.1859375
0 0.4171875 0.84453125 0.0515625 0.05625
0 0.23046875 0.91640625 0.08125 0.165625