0 0.23828125 0.49453125 0.228125 0.578125
0 0.34140625 0.3109375 0.071875 0.33125
0 0.41015625 0.215625 0.065625 0.0953125
0 0.8359375 0.3265625 0.0734375 0.26875
0 0.115625 0.38203125 0.1515625 0.315625
0 0.678125 0.49609375 0.2171875 0.478125
0 0.290625 0.1953125 0.0703125 0.15
0 0.17734375 0.596875 0.3546875 0.6859375
0 0.890625 0.453125 0.2140625 0.478125
0 0.21328125 0.240625 0.0890625 0.1359375
0 0.70546875 0.23671875 0.0671875 0.0578125
0 0.4 0.54609375 0.378125 0.5921875
0 0.96328125 0.2578125 0.0734375 0.1875