0 0.515625 0.5375 0.184375 0.5375
0 0.3875 0.64453125 0.084375 0.1734375
0 0.29921875 0.65078125 0.1265625 0.18125
0 0.22578125 0.65078125 0.1359375 0.1859375
0 0.0671875 0.675 0.134375 0.1921875
0 0.12421875 0.6125 0.0671875 0.2640625
0 0.92734375 0.5375 0.1078125 0.3328125
0 0.35859375 0.46171875 0.053125 0.1125
0 0.61171875 0.47578125 0.0671875 0.2171875
0 0.09296875 0.55390625 0.128125 0.3703125
0 0.28671875 0.475 0.0875 0.10625
0 0.4640625 0.640625 0.078125 0.1828125
0 0.81328125 0.503125 0.0796875 0.2875