0 0.66015625 0.575 0.046875 0.15625
0 0.3 0.81796875 0.140625 0.2578125
0 0.90859375 0.46875 0.021875 0.08125
0 0.93125 0.45859375 0.021875 0.0828125
0 0.17421875 0.41796875 0.0078125 0.0328125
0 0.98515625 0.47421875 0.0296875 0.0703125
0 0.5390625 0.44140625 0.0203125 0.01875
0 0.41171875 0.434375 0.021875 0.0203125
0 0.4921875 0.425 0.0125 0.05
0 0.4265625 0.41640625 0.0109375 0.0390625
0 0.0125 0.43359375 0.009375 0.025
0 0.4734375 0.42890625 0.0078125 0.0140625
0 0.56328125 0.44140625 0.01875 0.0171875