0 0.375 0.59609375 0.1015625 0.2171875
0 0.44921875 0.6140625 0.0859375 0.19375
0 0.58984375 0.36953125 0.0546875 0.146875
0 0.89609375 0.7109375 0.096875 0.2171875
0 0.55234375 0.28671875 0.028125 0.065625
0 0.71640625 0.76875 0.0765625 0.1796875
0 0.45859375 0.2875 0.01875 0.05625
0 0.51328125 0.60234375 0.0671875 0.2046875
0 0.0546875 0.31328125 0.0671875 0.1328125
0 0.4421875 0.28828125 0.0203125 0.0578125
0 0.053125 0.27890625 0.025 0.05
0 0.51328125 0.28203125 0.0296875 0.0515625
0 0.403125 0.284375 0.0140625 0.0421875