0 0.278125 0.1171875 0.0203125 0.0703125
0 0.45234375 0.13515625 0.0171875 0.1125
0 0.6109375 0.1796875 0.0796875 0.2859375
0 0.7078125 0.23671875 0.0828125 0.43125
0 0.378125 0.11875 0.065625 0.1875
0 0.90078125 0.15625 0.021875 0.134375
0 0.5640625 0.16171875 0.0390625 0.215625
0 0.65078125 0.16796875 0.0375 0.215625
0 0.79296875 0.1328125 0.01875 0.0921875
0 0.87265625 0.15859375 0.0328125 0.1125
0 0.78203125 0.140625 0.021875 0.09375
0 0.8078125 0.1359375 0.025 0.1015625
0 0.5015625 0.14765625 0.015625 0.103125