0 0.453125 0.61484375 0.1578125 0.30625
0 0.29609375 0.65625 0.1390625 0.24375
0 0.74921875 0.46328125 0.0765625 0.1203125
0 0.7859375 0.409375 0.053125 0.15
0 0.83125 0.45859375 0.0453125 0.1296875
0 0.89140625 0.45546875 0.0671875 0.125
0 0.9171875 0.275 0.05 0.10625
0 0.18203125 0.63828125 0.10625 0.2890625
0 0.25 0.20546875 0.0421875 0.0640625
0 0.25390625 0.3375 0.040625 0.05625
0 0.2171875 0.3375 0.04375 0.0578125
0 0.69296875 0.24765625 0.0265625 0.0484375
0 0.27109375 0.1125 0.046875 0.0640625