0 0.15234375 0.26875 0.05 0.1484375
0 0.7390625 0.29765625 0.04375 0.0609375
0 0.5296875 0.1875 0.04375 0.0703125
0 0.1046875 0.27734375 0.0609375 0.1453125
0 0.92421875 0.32265625 0.0390625 0.0578125
0 0.8296875 0.30859375 0.0546875 0.0578125
0 0.784375 0.30625 0.04375 0.0546875
0 0.69609375 0.28515625 0.05 0.0765625
0 0.64765625 0.29375 0.040625 0.04375
0 0.603125 0.28203125 0.034375 0.05625
0 0.8765625 0.315625 0.04375 0.0640625
0 0.79375 0.19140625 0.04375 0.0640625
0 0.62109375 0.62109375 0.090625 0.14375
0 0.46015625 0.55546875 0.0765625 0.2328125
0 0.65546875 0.59765625 0.0875 0.19375
0 0.47421875 0.25703125 0.053125 0.0734375
0 0.50703125 0.25 0.040625 0.0890625
0 0.57109375 0.271875 0.0390625 0.06875
0 0.55078125 0.26796875 0.028125 0.0671875