0 0.95234375 0.7140625 0.0546875 0.1328125
0 0.89375 0.7109375 0.034375 0.128125
0 0.9234375 0.71171875 0.01875 0.1109375
0 0.965625 0.67734375 0.015625 0.0171875
0 0.97578125 0.6953125 0.03125 0.175
0 0.83359375 0.7140625 0.0359375 0.1015625
0 0.54140625 0.58515625 0.08125 0.09375
0 0.99375 0.71171875 0.0125 0.128125
0 0.640625 0.63203125 0.084375 0.1046875
0 0.9109375 0.71640625 0.021875 0.115625
0 0.8578125 0.690625 0.0140625 0.0515625
0 0.7375 0.60546875 0.0359375 0.1234375
0 0.821875 0.67734375 0.0203125 0.0375