0 0.1796875 0.14140625 0.0953125 0.2015625
0 0.1203125 0.7390625 0.240625 0.425
0 0.4453125 0.5640625 0.3859375 0.778125
0 0.47578125 0.134375 0.053125 0.1921875
0 0.26328125 0.14140625 0.1078125 0.1921875
0 0.9203125 0.1078125 0.0765625 0.1875
0 0.3703125 0.11796875 0.1046875 0.2359375
0 0.43359375 0.15078125 0.1078125 0.1703125
0 0.13515625 0.14609375 0.0796875 0.1984375
0 0.9515625 0.17890625 0.0578125 0.053125
0 0.76171875 0.0703125 0.040625 0.075
0 0.04375 0.12265625 0.084375 0.2453125
0 0.6921875 0.12578125 0.13125 0.178125