0 0.40390625 0.85546875 0.0296875 0.109375
0 0.3 0.78203125 0.0125 0.04375
0 0.3859375 0.84375 0.028125 0.1234375
0 0.46015625 0.84296875 0.04375 0.05
0 0.50234375 0.8546875 0.040625 0.1046875
0 0.62421875 0.8171875 0.01875 0.0390625
0 0.66015625 0.8203125 0.0140625 0.05625
0 0.9203125 0.89921875 0.071875 0.09375
0 0.765625 0.7875 0.009375 0.0421875
0 0.6296875 0.890625 0.0390625 0.0953125
0 0.64140625 0.81796875 0.009375 0.0328125
0 0.7375 0.78359375 0.0125 0.028125
0 0.7171875 0.76640625 0.0125 0.034375