0 0.3 0.37578125 0.1234375 0.3734375
0 0.06015625 0.38359375 0.0984375 0.384375
0 0.58515625 0.41796875 0.134375 0.3109375
0 0.71953125 0.40078125 0.153125 0.3203125
0 0.7984375 0.38203125 0.0640625 0.46875
0 0.50390625 0.7546875 0.1046875 0.453125
0 0.1109375 0.61640625 0.0984375 0.2671875
0 0.8734375 0.5328125 0.1421875 0.89375
0 0.67265625 0.846875 0.14375 0.2453125
0 0.3765625 0.8 0.1359375 0.3421875
0 0.26015625 0.778125 0.10625 0.384375
0 0.9640625 0.3046875 0.05625 0.2140625
0 0.18203125 0.4390625 0.1390625 0.0109375