0 0.1578125 0.66484375 0.071875 0.2625
0 0.2171875 0.60390625 0.075 0.15625
0 0.278125 0.60390625 0.065625 0.1609375
0 0.34609375 0.60234375 0.071875 0.1640625
0 0.41015625 0.60078125 0.065625 0.1375
0 0.83671875 0.68515625 0.059375 0.3203125
0 0.4609375 0.603125 0.05625 0.11875
0 0.5078125 0.596875 0.05 0.1296875
0 0.72578125 0.70546875 0.06875 0.1828125
0 0.6953125 0.58359375 0.0625 0.1
0 0.74140625 0.609375 0.084375 0.2328125
0 0.11171875 0.6875 0.065625 0.35
0 0.575 0.72734375 0.09375 0.1890625