0 0.74375 0.8203125 0.1359375 0.215625
0 0.434375 0.440625 0.0703125 0.0953125
0 0.29296875 0.409375 0.0421875 0.0828125
0 0.575 0.4078125 0.05625 0.090625
0 0.24453125 0.34375 0.0375 0.0296875
0 0.734375 0.41953125 0.065625 0.059375
0 0.6921875 0.25234375 0.0421875 0.0359375
0 0.81875 0.12890625 0.0328125 0.0390625
0 0.76015625 0.31640625 0.0296875 0.078125
0 0.37265625 0.32265625 0.0484375 0.0546875
0 0.38671875 0.21875 0.0328125 0.0296875
0 0.46875 0.346875 0.028125 0.021875
0 0.35859375 0.4203125 0.0515625 0.0703125