0 0.39609375 0.62578125 0.5 0.640625
0 0.12265625 0.196875 0.0484375 0.121875
0 0.19921875 0.1890625 0.04375 0.065625
0 0.25390625 0.18359375 0.04375 0.090625
0 0.38203125 0.2265625 0.1234375 0.16875
0 0.44296875 0.21015625 0.05625 0.13125
0 0.79375 0.2203125 0.0578125 0.0921875
0 0.68125 0.22265625 0.0609375 0.13125
0 0.553125 0.159375 0.0328125 0.0265625
0 0.50390625 0.1453125 0.0171875 0.01875
0 0.41875 0.15859375 0.0203125 0.0234375
0 0.51015625 0.2109375 0.0375 0.1125
0 0.07890625 0.13203125 0.0125 0.0296875