0 0.86875 0.7625 0.1609375 0.4546875
0 0.95 0.6875 0.1 0.3859375
0 0.75546875 0.6765625 0.05625 0.2171875
0 0.65859375 0.7140625 0.0515625 0.184375
0 0.58515625 0.66171875 0.0296875 0.0578125
0 0.55859375 0.65703125 0.040625 0.090625
0 0.521875 0.66640625 0.034375 0.0859375
0 0.4609375 0.67578125 0.015625 0.0296875
0 0.34453125 0.71640625 0.04375 0.271875
0 0.146875 0.66015625 0.0390625 0.0796875
0 0.42734375 0.715625 0.053125 0.221875
0 0.23125 0.70703125 0.0375 0.1609375
0 0.7875 0.653125 0.0171875 0.084375