0 0.4921875 0.53046875 0.178125 0.546875
0 0.3671875 0.55546875 0.1 0.2328125
0 0.4125 0.50859375 0.04375 0.28125
0 0.42578125 0.32890625 0.046875 0.06875
0 0.9265625 0.5234375 0.0546875 0.078125
0 0.96015625 0.03515625 0.046875 0.05625
0 0.86953125 0.46796875 0.040625 0.075
0 0.88671875 0.45546875 0.0359375 0.10625
0 0.79921875 0.44375 0.04375 0.06875
0 0.775 0.43984375 0.034375 0.0984375
0 0.253125 0.28984375 0.034375 0.084375
0 0.33671875 0.28671875 0.028125 0.0546875
0 0.44375 0.3078125 0.0265625 0.0546875