0 0.471875 0.3453125 0.084375 0.26875
0 0.21015625 0.375 0.0265625 0.1046875
0 0.2375 0.38046875 0.025 0.103125
0 0.06875 0.3796875 0.0328125 0.0953125
0 0.25859375 0.3828125 0.0296875 0.1
0 0.31015625 0.3828125 0.0265625 0.090625
0 0.2921875 0.384375 0.025 0.1046875
0 0.3390625 0.3890625 0.034375 0.0859375
0 0.275 0.3890625 0.025 0.0890625
0 0.3671875 0.3828125 0.03125 0.0859375
0 0.809375 0.39921875 0.0328125 0.140625
0 0.85625 0.38984375 0.034375 0.0953125
0 0.9890625 0.4265625 0.021875 0.090625