0 0.6984375 0.83203125 0.565625 0.3140625
0 0.05078125 0.71328125 0.08125 0.1765625
0 0.42734375 0.740625 0.084375 0.2
0 0.1078125 0.83828125 0.1078125 0.2421875
0 0.29765625 0.69609375 0.025 0.0515625
0 0.33828125 0.696875 0.040625 0.1203125
0 0.4796875 0.80625 0.0609375 0.0609375
0 0.29609375 0.74140625 0.028125 0.0515625
0 0.2515625 0.72421875 0.0359375 0.0953125
0 0.43125 0.91484375 0.1421875 0.1703125
0 0.1828125 0.65859375 0.021875 0.0421875
0 0.9109375 0.83671875 0.146875 0.2328125
0 0.953125 0.74765625 0.06875 0.1078125