0 0.31015625 0.5125 0.5328125 0.84375
0 0.8171875 0.71328125 0.35625 0.528125
0 0.04375 0.45546875 0.0875 0.215625
0 0.86328125 0.43203125 0.0984375 0.353125
0 0.7265625 0.43671875 0.078125 0.2796875
0 0.40546875 0.50078125 0.13125 0.2046875
0 0.1140625 0.45546875 0.1671875 0.221875
0 0.20859375 0.3734375 0.0703125 0.171875
0 0.1609375 0.5296875 0.165625 0.2625
0 0.6140625 0.46796875 0.0625 0.2796875
0 0.45234375 0.5609375 0.1078125 0.2359375
0 0.22578125 0.39609375 0.0359375 0.0703125
0 0.0359375 0.36015625 0.071875 0.1640625