0 0.26640625 0.55234375 0.0265625 0.0984375
0 0.44140625 0.54375 0.0265625 0.090625
0 0.4703125 0.53984375 0.025 0.06875
0 0.1859375 0.5421875 0.0234375 0.08125
0 0.57734375 0.5421875 0.021875 0.0890625
0 0.7234375 0.5234375 0.0234375 0.05
0 0.82265625 0.54921875 0.028125 0.103125
0 0.86796875 0.53203125 0.0140625 0.0546875
0 0.49765625 0.5234375 0.0203125 0.046875
0 0.2015625 0.5265625 0.0125 0.0359375
0 0.02265625 0.54375 0.025 0.0953125
0 0.35546875 0.53125 0.0296875 0.096875
0 0.8 0.53046875 0.0125 0.053125