0 0.14140625 0.109375 0.0078125 0.0234375
0 0.290625 0.075 0.015625 0.0203125
0 0.3921875 0.10625 0.009375 0.0265625
0 0.4140625 0.09921875 0.009375 0.025
0 0.38515625 0.071875 0.0078125 0.0234375
0 0.33828125 0.103125 0.009375 0.025
0 0.371875 0.059375 0.0078125 0.0171875
0 0.0984375 0.11875 0.009375 0.0234375
0 0.29609375 0.10078125 0.015625 0.0125
0 0.23828125 0.09609375 0.0109375 0.0203125
0 0.559375 0.55703125 0.4796875 0.5234375
0 0.25703125 0.10234375 0.0078125 0.0234375
0 0.3765625 0.08046875 0.00625 0.0203125