0 0.58125 0.171875 0.03125 0.184375
0 0.5953125 0.165625 0.0296875 0.14375
0 0.61875 0.14140625 0.021875 0.0984375
0 0.659375 0.1796875 0.065625 0.234375
0 0.73515625 0.1796875 0.0421875 0.196875
0 0.94921875 0.11875 0.01875 0.034375
0 0.8859375 0.13828125 0.0375 0.0953125
0 0.309375 0.13984375 0.03125 0.0828125
0 0.20234375 0.14296875 0.0203125 0.0765625
0 0.25625 0.13984375 0.0265625 0.0875
0 0.103125 0.153125 0.0234375 0.090625
0 0.075 0.153125 0.0265625 0.0796875
0 0.02265625 0.14375 0.0265625 0.090625