0 0.82265625 0.678125 0.1140625 0.4359375
0 0.9515625 0.59609375 0.046875 0.178125
0 0.90625 0.60390625 0.0578125 0.1796875
0 0.38828125 0.52421875 0.034375 0.046875
0 0.09765625 0.584375 0.0203125 0.0875
0 0.07265625 0.58671875 0.01875 0.078125
0 0.984375 0.575 0.01875 0.109375
0 0.05703125 0.58125 0.0140625 0.0734375
0 0.1140625 0.5703125 0.015625 0.05625
0 0.8859375 0.58671875 0.01875 0.146875
0 0.08046875 0.55703125 0.015625 0.0296875
0 0.0453125 0.5609375 0.0125 0.0453125
0 0.1546875 0.578125 0.0125 0.06875