0 0.44609375 0.740625 0.178125 0.303125
0 0.63671875 0.575 0.0671875 0.11875
0 0.68984375 0.5796875 0.015625 0.034375
0 0.55859375 0.56875 0.065625 0.13125
0 0.38984375 0.559375 0.203125 0.1328125
0 0.8421875 0.57734375 0.0296875 0.0546875
0 0.18984375 0.57890625 0.025 0.04375
0 0.79609375 0.57265625 0.0140625 0.034375
0 0.771875 0.5828125 0.0328125 0.0421875
0 0.69765625 0.57890625 0.0203125 0.053125
0 0.6734375 0.5765625 0.0203125 0.0453125
0 0.74140625 0.57734375 0.0234375 0.0515625
0 0.5125 0.58359375 0.0390625 0.0734375