0 0.715625 0.39921875 0.159375 0.5375
0 0.54453125 0.221875 0.0640625 0.1265625
0 0.81796875 0.45390625 0.134375 0.6265625
0 0.3234375 0.259375 0.046875 0.1140625
0 0.28046875 0.596875 0.2328125 0.78125
0 0.05078125 0.37890625 0.1015625 0.4484375
0 0.51328125 0.55 0.2328125 0.71875
0 0.14609375 0.34453125 0.1234375 0.4609375
0 0.24140625 0.17109375 0.078125 0.08125
0 0.06953125 0.28046875 0.071875 0.3
0 0.40390625 0.32109375 0.065625 0.3703125
0 0.2984375 0.22734375 0.01875 0.0515625
0 0.45078125 0.18203125 0.025 0.025