0 0.2171875 0.6296875 0.4265625 0.740625
0 0.41640625 0.26953125 0.175 0.2703125
0 0.33984375 0.2671875 0.1109375 0.30625
0 0.28046875 0.1703125 0.0703125 0.1234375
0 0.91015625 0.190625 0.0375 0.1
0 0.83828125 0.21171875 0.0046875 0.140625
0 0.81015625 0.6296875 0.3078125 0.734375
0 0.67109375 0.353125 0.1609375 0.26875
0 0.73046875 0.24296875 0.0734375 0.215625
0 0.11015625 0.30703125 0.134375 0.221875
0 0.3828125 0.1703125 0.0671875 0.09375
0 0.059375 0.13984375 0.03125 0.0796875
0 0.70546875 0.1625 0.034375 0.0890625