0 0.41171875 0.62265625 0.30625 0.596875
0 0.70078125 0.55234375 0.328125 0.7734375
0 0.4625 0.253125 0.0515625 0.0890625
0 0.42421875 0.1609375 0.0421875 0.1078125
0 0.68984375 0.06171875 0.0421875 0.0796875
0 0.83984375 0.12578125 0.034375 0.1578125
0 0.88125 0.11796875 0.0453125 0.1765625
0 0.94140625 0.1015625 0.034375 0.153125
0 0.4421875 0.35703125 0.04375 0.1515625
0 0.1765625 0.30859375 0.0515625 0.075
0 0.76328125 0.1640625 0.0421875 0.08125
0 0.828125 0.2875 0.0421875 0.08125
0 0.2390625 0.31953125 0.034375 0.0953125