0 0.96796875 0.81875 0.0640625 0.3359375
0 0.16796875 0.884375 0.1921875 0.2296875
0 0.446875 0.94296875 0.1 0.1125
0 0.72578125 0.88671875 0.125 0.225
0 0.79609375 0.834375 0.0578125 0.1734375
0 0.74296875 0.76640625 0.009375 0.0265625
0 0.165625 0.76640625 0.13125 0.1921875
0 0.275 0.82265625 0.0171875 0.0625
0 0.62109375 0.81875 0.24375 0.25
0 0.8625 0.93828125 0.0828125 0.1234375
0 0.46171875 0.87890625 0.021875 0.01875
0 0.58125 0.92109375 0.1265625 0.1578125
0 0.49921875 0.9 0.0359375 0.08125