0 0.340625 0.53828125 0.49375 0.64375
0 0.8875 0.5546875 0.10625 0.1921875
0 0.80546875 0.603125 0.1609375 0.3796875
0 0.115625 0.4515625 0.0921875 0.121875
0 0.7296875 0.475 0.4046875 0.61875
0 0.21015625 0.21328125 0.1015625 0.2828125
0 0.06015625 0.1984375 0.11875 0.30625
0 0.15625 0.640625 0.090625 0.0859375
0 0.6140625 0.5828125 0.0765625 0.2125
0 0.09140625 0.57265625 0.0859375 0.2140625
0 0.2078125 0.4421875 0.090625 0.215625
0 0.540625 0.6453125 0.065625 0.1171875
0 0.63515625 0.43984375 0.109375 0.2