0 0.4453125 0.67421875 0.06875 0.2515625
0 0.79921875 0.62578125 0.0296875 0.18125
0 0.84296875 0.70703125 0.0765625 0.140625
0 0.81796875 0.62734375 0.0359375 0.1640625
0 0.1828125 0.6203125 0.0359375 0.1265625
0 0.29296875 0.6015625 0.021875 0.096875
0 0.26484375 0.60390625 0.040625 0.1
0 0.778125 0.58359375 0.0234375 0.1109375
0 0.7609375 0.58671875 0.015625 0.103125
0 0.3609375 0.575 0.021875 0.0875
0 0.47578125 0.590625 0.0234375 0.0875
0 0.72109375 0.5890625 0.04375 0.0640625
0 0.53515625 0.571875 0.015625 0.059375