0 0.5375 0.540625 0.1359375 0.4921875
0 0.78125 0.50234375 0.4375 0.9953125
0 0.40078125 0.46953125 0.125 0.1890625
0 0.24453125 0.471875 0.1140625 0.1859375
0 0.15703125 0.459375 0.0796875 0.1640625
0 0.23203125 0.11015625 0.0828125 0.09375
0 0.021875 0.42734375 0.04375 0.2640625
0 0.66875 0.49453125 0.1390625 0.525
0 0.7609375 0.1125 0.0859375 0.0890625
0 0.40546875 0.10859375 0.075 0.1140625
0 0.62734375 0.109375 0.0765625 0.1015625
0 0.54765625 0.10625 0.0828125 0.1125
0 0.32734375 0.10859375 0.075 0.1078125