0 0.46640625 0.49296875 0.384375 0.86875
0 0.896875 0.1765625 0.0359375 0.0671875
0 0.3765625 0.1734375 0.0265625 0.109375
0 0.4296875 0.159375 0.028125 0.0703125
0 0.72109375 0.1953125 0.0765625 0.09375
0 0.81328125 0.17109375 0.0046875 0.1046875
0 0.85859375 0.17109375 0.04375 0.1171875
0 0.30390625 0.31875 0.0875 0.2859375
0 0.8515625 0.090625 0.040625 0.11875
0 0.81953125 0.08046875 0.0234375 0.09375
0 0.77890625 0.7109375 0.2328125 0.49375
0 0.00625 0.3734375 0.0125 0.2859375
0 0.134375 0.3328125 0.0953125 0.38125