0 0.171875 0.85078125 0.0625 0.14375
0 0.24140625 0.84296875 0.0453125 0.1765625
0 0.2671875 0.83671875 0.0296875 0.1265625
0 0.33671875 0.83828125 0.040625 0.2
0 0.4765625 0.83359375 0.0328125 0.1734375
0 0.55703125 0.834375 0.0203125 0.15
0 0.63515625 0.83046875 0.046875 0.1578125
0 0.528125 0.82890625 0.0546875 0.1609375
0 0.59453125 0.83515625 0.0359375 0.1421875
0 0.615625 0.8375 0.01875 0.1375
0 0.728125 0.82734375 0.0421875 0.1578125
0 0.83984375 0.82890625 0.0515625 0.15
0 0.4015625 0.85390625 0.0390625 0.1625