0 0.76796875 0.53046875 0.0328125 0.01875
0 0.771875 0.44921875 0.0109375 0.0234375
0 0.3046875 0.43984375 0.009375 0.0171875
0 0.271875 0.44296875 0.0109375 0.0203125
0 0.82578125 0.52890625 0.034375 0.0171875
0 0.8 0.5265625 0.0234375 0.021875
0 0.71171875 0.5140625 0.0203125 0.021875
0 0.73515625 0.5234375 0.0234375 0.015625
0 0.81484375 0.52578125 0.0109375 0.0125
0 0.284375 0.44375 0.0109375 0.01875
0 0.31171875 0.44140625 0.0109375 0.0125
0 0.784375 0.52734375 0.015625 0.01875
0 0.753125 0.525 0.0140625 0.0203125