0 0.640625 0.3734375 0.2375 0.58125
0 0.509375 0.29765625 0.11875 0.071875
0 0.26796875 0.303125 0.115625 0.3140625
0 0.190625 0.3921875 0.1 0.3578125
0 0.12109375 0.2421875 0.0359375 0.1125
0 0.31015625 0.1953125 0.040625 0.0515625
0 0.82265625 0.2234375 0.125 0.446875
0 0.92890625 0.11328125 0.0390625 0.121875
0 0.2078125 0.23046875 0.0359375 0.084375
0 0.22421875 0.20625 0.01875 0.04375
0 0.60703125 0.0875 0.046875 0.0765625
0 0.39921875 0.16875 0.0546875 0.121875
0 0.90390625 0.11015625 0.021875 0.0859375