0 0.52265625 0.57265625 0.14375 0.4203125
0 0.26796875 0.62734375 0.0953125 0.4328125
0 0.475 0.203125 0.04375 0.0625
0 0.246875 0.2359375 0.0515625 0.0890625
0 0.38359375 0.69296875 0.14375 0.2734375
0 0.45859375 0.10859375 0.0359375 0.0578125
0 0.39453125 0.12421875 0.0296875 0.046875
0 0.60390625 0.05625 0.034375 0.0765625
0 0.0296875 0.03828125 0.05 0.0765625
0 0.921875 0.146875 0.0453125 0.2484375
0 0.04375 0.23359375 0.0515625 0.1875
0 0.5046875 0.940625 0.071875 0.1171875
0 0.415625 0.20546875 0.0328125 0.08125