0 0.18828125 0.61484375 0.04375 0.16875
0 0.60546875 0.69375 0.0328125 0.24375
0 0.4703125 0.6921875 0.078125 0.3546875
0 0.43828125 0.65234375 0.0203125 0.0796875
0 0.71015625 0.68125 0.065625 0.36875
0 0.31328125 0.63125 0.03125 0.153125
0 0.2578125 0.62734375 0.0359375 0.1640625
0 0.2671875 0.61484375 0.0328125 0.153125
0 0.84921875 0.6828125 0.065625 0.3796875
0 0.3609375 0.609375 0.03125 0.14375
0 0.290625 0.61640625 0.028125 0.1296875
0 0.503125 0.60234375 0.025 0.1140625
0 0.79140625 0.71015625 0.071875 0.340625