0 0.06015625 0.653125 0.034375 0.2
0 0.81640625 0.53984375 0.0234375 0.028125
0 0.92890625 0.53828125 0.015625 0.03125
0 0.90703125 0.52890625 0.0171875 0.0234375
0 0.4046875 0.55 0.046875 0.109375
0 0.80390625 0.54296875 0.0125 0.028125
0 0.87734375 0.5453125 0.015625 0.0375
0 0.97734375 0.52421875 0.0109375 0.0140625
0 0.9421875 0.53359375 0.015625 0.03125
0 0.78046875 0.540625 0.0171875 0.0390625
0 0.01796875 0.68046875 0.034375 0.175
0 0.95390625 0.5265625 0.009375 0.0140625
0 0.70703125 0.61953125 0.021875 0.0390625