0 0.67734375 0.51171875 0.378125 0.8578125
0 0.1390625 0.35078125 0.1453125 0.3109375
0 0.95625 0.16796875 0.0875 0.1328125
0 0.9203125 0.08828125 0.0875 0.121875
0 0.81953125 0.215625 0.0890625 0.084375
0 0.89140625 0.23359375 0.0546875 0.0078125
0 0.86171875 0.1703125 0.0640625 0.075
0 0.40390625 0.178125 0.128125 0.125
0 0.2046875 0.178125 0.0765625 0.10625
0 0.02109375 0.18671875 0.0421875 0.06875
0 0.1890625 0.17109375 0.0640625 0.1109375
0 0.10859375 0.15703125 0.0796875 0.13125
0 0.29765625 0.14921875 0.0640625 0.1640625