0 0.67421875 0.55625 0.1171875 0.178125
0 0.21015625 0.196875 0.0265625 0.0671875
0 0.4140625 0.31640625 0.0140625 0.046875
0 0.42578125 0.3171875 0.0125 0.0390625
0 0.51953125 0.3703125 0.0125 0.046875
0 0.5859375 0.3890625 0.0109375 0.0328125
0 0.66171875 0.40546875 0.0046875 0.01875
0 0.68359375 0.434375 0.0078125 0.01875
0 0.5796875 0.3921875 0.0109375 0.0375
0 0.65703125 0.40390625 0.0046875 0.015625
0 0.628125 0.396875 0.00625 0.0203125
0 0.71640625 0.4640625 0.00625 0.0109375
0 0.79765625 0.5140625 0.0078125 0.0234375