0 0.97265625 0.09453125 0.0546875 0.1390625
0 0.20703125 0.4609375 0.296875 0.5359375
0 0.09140625 0.67734375 0.1828125 0.621875
0 0.20546875 0.2015625 0.0828125 0.196875
0 0.22734375 0.3578125 0.125 0.25
0 0.8515625 0.64140625 0.2921875 0.7171875
0 0.71875 0.49609375 0.1921875 0.453125
0 0.79375 0.215625 0.103125 0.153125
0 0.71171875 0.17109375 0.0625 0.1
0 0.0828125 0.3296875 0.14375 0.321875
0 0.57421875 0.446875 0.159375 0.4234375
0 0.8546875 0.21953125 0.0890625 0.20625
0 0.3171875 0.18984375 0.0546875 0.1109375
0 0.915625 0.12890625 0.0609375 0.221875
0 0.96875 0.21640625 0.0625 0.1578125
0 0.51015625 0.18125 0.0625 0.0609375
0 0.48359375 0.30546875 0.1546875 0.30078125
0 0.38515625 0.2203125 0.05703125 0.153125
0 0.3859375 0.1125 0.05546875 0.0625
0 0.5375 0.11328125 0.046875 0.0765625
0 0.64765625 0.11640625 0.0765625 0.16484375
0 0.634375 0.1859375 0.078125 0.128125