0 0.51640625 0.796875 0.2796875 0.40625
0 0.1515625 0.51875 0.0796875 0.2015625
0 0.590625 0.53046875 0.0390625 0.0984375
0 0.76953125 0.57109375 0.0859375 0.2109375
0 0.26015625 0.57421875 0.0828125 0.1296875
0 0.19375 0.51796875 0.0046875 0.1609375
0 0.515625 0.5421875 0.0234375 0.1109375
0 0.696875 0.6703125 0.1171875 0.2171875
0 0.88046875 0.5796875 0.090625 0.2140625
0 0.6046875 0.51796875 0.06875 0.165625
0 0.825 0.71015625 0.11875 0.2140625
0 0.73984375 0.50703125 0.021875 0.05
0 0.5390625 0.546875 0.0671875 0.1375