0 0.16796875 0.6875 0.3359375 0.625
0 0.4609375 0.659375 0.3 0.68125
0 0.40703125 0.275 0.071875 0.1015625
0 0.65625 0.52109375 0.3421875 0.71875
0 0.78515625 0.51875 0.3625 0.6203125
0 0.95703125 0.42578125 0.0796875 0.5328125
0 0.9703125 0.2125 0.059375 0.1609375
0 0.946875 0.0875 0.0578125 0.1109375
0 0.88984375 0.1390625 0.0609375 0.121875
0 0.8171875 0.39375 0.2375 0.384375
0 0.87890625 0.31640625 0.14375 0.246875
0 0.62109375 0.60703125 0.5015625 0.7625
0 0.0671875 0.90078125 0.13125 0.18125