0 0.75390625 0.34140625 0.0296875 0.1125
0 0.871875 0.3078125 0.0125 0.053125
0 0.90078125 0.33984375 0.0421875 0.1015625
0 0.94375 0.371875 0.065625 0.140625
0 0.78828125 0.325 0.0296875 0.0875
0 0.70625 0.32265625 0.028125 0.1203125
0 0.5578125 0.29296875 0.01875 0.071875
0 0.80390625 0.31171875 0.0203125 0.0609375
0 0.66328125 0.30390625 0.021875 0.0859375
0 0.52890625 0.2921875 0.0203125 0.0859375
0 0.97109375 0.33359375 0.0234375 0.059375
0 0.765625 0.28671875 0.0078125 0.0265625
0 0.85 0.30703125 0.01875 0.0609375