0 0.6375 0.01640625 0.0171875 0.0328125
0 0.26796875 0.31015625 0.071875 0.0953125
0 0.8140625 0.39296875 0.08125 0.0953125
0 0.77421875 0.11796875 0.0515625 0.0953125
0 0.7234375 0.1203125 0.0546875 0.096875
0 0.43671875 0.08046875 0.028125 0.025
0 0.0421875 0.09296875 0.0578125 0.0921875
0 0.78125 0.4453125 0.065625 0.0390625
0 0.46953125 0.70625 0.046875 0.0640625
0 0.24921875 0.425 0.2375 0.0578125
0 0.28515625 0.1109375 0.0515625 0.1015625
0 0.75625 0.0546875 0.0296875 0.0515625
0 0.75859375 0.32734375 0.08125 0.065625