0 0.67734375 0.35625 0.0921875 0.34375
0 0.81875 0.5359375 0.1515625 0.671875
0 0.7578125 0.36640625 0.109375 0.3578125
0 0.6078125 0.40390625 0.14375 0.4234375
0 0.28984375 0.44921875 0.1515625 0.525
0 0.2390625 0.4078125 0.1140625 0.29375
0 0.10234375 0.5 0.2046875 0.8453125
0 0.52109375 0.36640625 0.0734375 0.2953125
0 0.37109375 0.25234375 0.071875 0.1015625
0 0.25703125 0.23984375 0.05625 0.0671875
0 0.8828125 0.5 0.234375 0.9046875
0 0.171875 0.25078125 0.028125 0.1046875
0 0.63984375 0.24296875 0.021875 0.1046875