0 0.6328125 0.35078125 0.4640625 0.2296875
0 0.378125 0.6671875 0.046875 0.0390625
0 0.55703125 0.640625 0.028125 0.0515625
0 0.57578125 0.6359375 0.015625 0.05625
0 0.90859375 0.66328125 0.0296875 0.01875
0 0.8234375 0.64453125 0.025 0.059375
0 0.878125 0.66171875 0.025 0.0140625
0 0.9359375 0.6671875 0.01875 0.021875
0 0.771875 0.67421875 0.04375 0.0671875
0 0.1765625 0.56171875 0.221875 0.2734375
0 0.246875 0.40390625 0.0375 0.0328125
0 0.9671875 0.67734375 0.025 0.025
0 0.790625 0.64296875 0.025 0.0578125