0 0.621875 0.51328125 0.0203125 0.03125
0 0.3578125 0.50546875 0.0125 0.0265625
0 0.53046875 0.58671875 0.0703125 0.1734375
0 0.634375 0.55859375 0.0234375 0.06875
0 0.38203125 0.51875 0.0109375 0.0375
0 0.596875 0.59609375 0.0765625 0.1890625
0 0.34609375 0.50625 0.0171875 0.0375
0 0.078125 0.51484375 0.0390625 0.0828125
0 0.03671875 0.509375 0.0234375 0.0671875
0 0.05625 0.5 0.0171875 0.0421875
0 0.66015625 0.58046875 0.0359375 0.0953125
0 0.646875 0.54375 0.0171875 0.0359375
0 0.36796875 0.50625 0.0140625 0.0359375