0 0.68984375 0.55703125 0.0234375 0.0359375
0 0.4265625 0.709375 0.0734375 0.06875
0 0.3390625 0.51015625 0.0171875 0.0359375
0 0.590625 0.76171875 0.09375 0.209375
0 0.31875 0.684375 0.040625 0.1
0 0.771875 0.7859375 0.0859375 0.1734375
0 0.90078125 0.65546875 0.0328125 0.0453125
0 0.72109375 0.81328125 0.1265625 0.1234375
0 0.609375 0.55 0.0375 0.0328125
0 0.51171875 0.690625 0.040625 0.103125
0 0.540625 0.54765625 0.0203125 0.028125
0 0.3546875 0.690625 0.0421875 0.0875
0 0.28671875 0.68828125 0.034375 0.090625