0 0.35234375 0.59296875 0.2203125 0.4953125
0 0.5109375 0.615625 0.0953125 0.3125
0 0.83515625 0.534375 0.01875 0.0953125
0 0.58203125 0.56640625 0.0203125 0.0640625
0 0.56640625 0.58046875 0.015625 0.0421875
0 0.765625 0.528125 0.0375 0.1484375
0 0.8859375 0.54296875 0.0125 0.0328125
0 0.31171875 0.56875 0.0390625 0.1484375
0 0.27109375 0.58046875 0.040625 0.1484375
0 0.2359375 0.58359375 0.0453125 0.21875
0 0.1984375 0.590625 0.0359375 0.1328125
0 0.66328125 0.55625 0.015625 0.0625
0 0.08046875 0.603125 0.0421875 0.1171875