0 0.38046875 0.10390625 0.0625 0.090625
0 0.46953125 0.50234375 0.1046875 0.390625
0 0.95234375 0.2078125 0.0953125 0.35
0 0.859375 0.09375 0.0796875 0.1125
0 0.7828125 0.08515625 0.078125 0.103125
0 0.6046875 0.075 0.065625 0.090625
0 0.5046875 0.065625 0.0609375 0.1125
0 0.44296875 0.06875 0.0546875 0.09375
0 0.35 0.4625 0.1078125 0.3359375
0 0.3171875 0.528125 0.0828125 0.2265625
0 0.71328125 0.13046875 0.0734375 0.090625
0 0.50234375 0.1171875 0.065625 0.084375
0 0.12265625 0.0890625 0.084375 0.090625