0 0.69296875 0.48515625 0.1046875 0.175
0 0.5828125 0.475 0.021875 0.05625
0 0.41328125 0.47734375 0.028125 0.0546875
0 0.2671875 0.46328125 0.040625 0.0671875
0 0.65703125 0.475 0.021875 0.09375
0 0.4125 0.40859375 0.0109375 0.0359375
0 0.4796875 0.459375 0.0234375 0.05
0 0.14609375 0.428125 0.0125 0.0265625
0 0.18984375 0.37265625 0.0109375 0.03125
0 0.26015625 0.290625 0.01875 0.0359375
0 0.01015625 0.38984375 0.0109375 0.03125
0 0.64453125 0.459375 0.0109375 0.04375
0 0.11875 0.20078125 0.009375 0.0203125