0 0.49296875 0.35 0.2359375 0.4109375
0 0.39609375 0.3953125 0.0203125 0.0703125
0 0.246875 0.36875 0.015625 0.0609375
0 0.61328125 0.5015625 0.0140625 0.05
0 0.6640625 0.49140625 0.0125 0.05
0 0.6375 0.50390625 0.0140625 0.040625
0 0.20234375 0.3546875 0.0109375 0.040625
0 0.871875 0.4953125 0.0171875 0.06875
0 0.21015625 0.35546875 0.00625 0.0171875
0 0.2703125 0.36875 0.0140625 0.065625
0 0.6875 0.5046875 0.0078125 0.0234375
0 0.18828125 0.3546875 0.009375 0.0328125
0 0.09296875 0.33828125 0.0078125 0.021875