0 0.40625 0.7328125 0.1140625 0.521875
0 0.31015625 0.6875 0.11875 0.45625
0 0.721875 0.715625 0.2046875 0.56875
0 0.84296875 0.7140625 0.2671875 0.5
0 0.9296875 0.840625 0.140625 0.296875
0 0.0296875 0.73046875 0.059375 0.53125
0 0.1671875 0.575 0.065625 0.159375
0 0.4953125 0.7296875 0.0765625 0.4703125
0 0.6109375 0.5453125 0.0515625 0.1234375
0 0.3796875 0.52890625 0.0203125 0.0484375
0 0.18984375 0.6875 0.10625 0.309375
0 0.26875 0.6203125 0.0046875 0.24375
0 0.58671875 0.7375 0.1203125 0.525