0 0.3375 0.5546875 0.559375 0.821875
0 0.54453125 0.07734375 0.16875 0.1453125
0 0.378125 0.065625 0.1734375 0.13125
0 0.25546875 0.16953125 0.1265625 0.2015625
0 0.1078125 0.15625 0.1734375 0.1609375
0 0.05859375 0.27109375 0.1125 0.1421875
0 0.625 0.065625 0.159375 0.1265625
0 0.64609375 0.27109375 0.1640625 0.178125
0 0.7984375 0.28046875 0.184375 0.165625
0 0.6546875 0.3328125 0.1171875 0.071875
0 0.0515625 0.34453125 0.103125 0.0734375
0 0.7859375 0.328125 0.1515625 0.078125
0 0.7671875 0.1375 0.109375 0.109375