0 0.35078125 0.58515625 0.0609375 0.1078125
0 0.284375 0.56796875 0.0328125 0.0765625
0 0.65390625 0.5375 0.01875 0.028125
0 0.153125 0.5875 0.059375 0.0890625
0 0.796875 0.559375 0.0140625 0.0203125
0 0.57421875 0.55390625 0.0109375 0.015625
0 0.63046875 0.53828125 0.009375 0.015625
0 0.2921875 0.58125 0.071875 0.1125
0 0.8 0.53515625 0.0109375 0.0234375
0 0.90859375 0.5546875 0.0234375 0.0328125
0 0.228125 0.56328125 0.0328125 0.0515625
0 0.79375 0.54453125 0.0109375 0.0203125
0 0.9203125 0.55703125 0.0203125 0.025