0 0.77734375 0.69453125 0.18125 0.321875
0 0.22734375 0.5796875 0.0375 0.0625
0 0.32578125 0.571875 0.01875 0.04375
0 0.33984375 0.56953125 0.0140625 0.0359375
0 0.72890625 0.56953125 0.025 0.04375
0 0.28671875 0.56796875 0.0203125 0.04375
0 0.30390625 0.56953125 0.0203125 0.0453125
0 0.34609375 0.5640625 0.0109375 0.025
0 0.396875 0.56796875 0.0203125 0.040625
0 0.99140625 0.5546875 0.0171875 0.0125
0 0.45703125 0.5609375 0.0234375 0.03125
0 0.09609375 0.55703125 0.0171875 0.0140625
0 0.68828125 0.5578125 0.0140625 0.0125