0 0.3921875 0.78046875 0.0359375 0.1125
0 0.4234375 0.77734375 0.028125 0.1078125
0 0.640625 0.78125 0.028125 0.0953125
0 0.8828125 0.76796875 0.03125 0.0703125
0 0.85546875 0.7625 0.025 0.0625
0 0.7703125 0.75 0.015625 0.05
0 0.109375 0.73359375 0.0140625 0.0234375
0 0.7875 0.75625 0.015625 0.0578125
0 0.640625 0.73671875 0.0109375 0.025
0 0.57109375 0.75390625 0.01875 0.0640625
0 0.5953125 0.75703125 0.0171875 0.0625
0 0.61015625 0.75859375 0.015625 0.04375
0 0.08359375 0.746875 0.0296875 0.0609375