0 0.5046875 0.725 0.109375 0.328125
0 0.59921875 0.63046875 0.0328125 0.1359375
0 0.44921875 0.66171875 0.0171875 0.0546875
0 0.85625 0.61796875 0.0515625 0.1515625
0 0.32265625 0.67421875 0.0140625 0.0203125
0 0.10390625 0.790625 0.0203125 0.0640625
0 0.04375 0.8359375 0.0390625 0.075
0 0.0109375 0.8734375 0.021875 0.0609375
0 0.365625 0.6703125 0.0109375 0.03125
0 0.17734375 0.78359375 0.025 0.084375
0 0.83359375 0.63203125 0.0265625 0.1140625
0 0.6828125 0.58125 0.0109375 0.0234375
0 0.35703125 0.6703125 0.009375 0.03125