0 0.5015625 0.47265625 0.2625 0.5578125
0 0.1625 0.18203125 0.13125 0.15
0 0.47890625 0.1171875 0.0859375 0.1453125
0 0.73671875 0.0859375 0.0875 0.171875
0 0.8609375 0.24296875 0.0890625 0.0765625
0 0.759375 0.22890625 0.10625 0.096875
0 0.65 0.21875 0.103125 0.1078125
0 0.55234375 0.19140625 0.1 0.128125
0 0.4609375 0.18203125 0.1140625 0.1375
0 0.35078125 0.18671875 0.1078125 0.1609375
0 0.0453125 0.17578125 0.090625 0.125
0 0.559375 0.125 0.0953125 0.1625
0 0.20703125 0.18984375 0.103125 0.1546875