0 0.95703125 0.43671875 0.0375 0.0953125
0 0.44296875 0.4765625 0.05 0.1625
0 0.796875 0.59453125 0.1375 0.5328125
0 0.5359375 0.52578125 0.0734375 0.2359375
0 0.93125 0.52734375 0.0515625 0.2421875
0 0.940625 0.55546875 0.115625 0.1671875
0 0.8859375 0.39921875 0.03125 0.15625
0 0.11015625 0.459375 0.025 0.11875
0 0.16328125 0.4125 0.021875 0.10625
0 0.09140625 0.44609375 0.03125 0.1515625
0 0.38984375 0.584375 0.1453125 0.2421875
0 0.06171875 0.42265625 0.025 0.0921875
0 0.77421875 0.384375 0.01875 0.075