0 0.628125 0.5328125 0.5734375 0.73125
0 0.36484375 0.04609375 0.1453125 0.0921875
0 0.5015625 0.04921875 0.1390625 0.0984375
0 0.2171875 0.046875 0.1625 0.0921875
0 0.07109375 0.03515625 0.1140625 0.065625
0 0.56875 0.0421875 0.1015625 0.084375
0 0.81328125 0.02421875 0.1515625 0.0484375
0 0.6671875 0.02421875 0.1578125 0.0484375
0 0.82109375 0.04921875 0.13125 0.0984375
0 0.9546875 0.05 0.090625 0.0953125
0 0.440625 0.034375 0.0984375 0.06875
0 0.021875 0.03984375 0.04375 0.0796875
0 0.30078125 0.03984375 0.1046875 0.0765625