0 0.6296875 0.50234375 0.06875 0.175
0 0.6046875 0.478125 0.0296875 0.1671875
0 0.659375 0.47421875 0.0359375 0.1640625
0 0.49765625 0.56015625 0.0421875 0.0984375
0 0.46875 0.62109375 0.08125 0.19375
0 0.13125 0.45546875 0.0265625 0.1171875
0 0.5609375 0.33125 0.0125 0.0203125
0 0.68828125 0.34453125 0.0171875 0.0265625
0 0.7890625 0.42578125 0.0328125 0.1015625
0 0.98515625 0.409375 0.021875 0.1109375
0 0.14375 0.40703125 0.03125 0.075
0 0.0265625 0.49296875 0.05 0.1328125
0 0.60703125 0.321875 0.0171875 0.0359375