0 0.4140625 0.54296875 0.3875 0.6609375
0 0.65625 0.37265625 0.121875 0.1453125
0 0.74453125 0.34765625 0.10625 0.196875
0 0.11875 0.25625 0.1109375 0.3234375
0 0.9171875 0.38203125 0.090625 0.16875
0 0.95625 0.3515625 0.0875 0.23125
0 0.69375 0.6453125 0.228125 0.4265625
0 0.89765625 0.60390625 0.1984375 0.53125
0 0.80703125 0.134375 0.171875 0.19375
0 0.196875 0.271875 0.0796875 0.315625
0 0.54453125 0.3609375 0.121875 0.16875
0 0.596875 0.0828125 0.1234375 0.159375
0 0.1078125 0.06171875 0.0953125 0.1234375