0 0.76796875 0.35 0.0171875 0.0390625
0 0.7203125 0.3515625 0.021875 0.05625
0 0.79765625 0.30546875 0.0125 0.053125
0 0.6703125 0.36015625 0.015625 0.0625
0 0.42578125 0.40546875 0.0171875 0.0703125
0 0.7796875 0.334375 0.0125 0.0578125
0 0.6171875 0.38046875 0.0203125 0.0703125
0 0.759375 0.34453125 0.0234375 0.05
0 0.946875 0.33125 0.0171875 0.0390625
0 0.90546875 0.3625 0.0203125 0.0453125
0 0.9515625 0.3140625 0.021875 0.04375
0 0.9234375 0.35 0.0203125 0.053125
0 0.79375 0.33671875 0.015625 0.0453125