0 0.2609375 0.57265625 0.046875 0.0921875
0 0.35546875 0.57265625 0.0359375 0.0734375
0 0.471875 0.5625 0.01875 0.1109375
0 0.5046875 0.53984375 0.03125 0.09375
0 0.5359375 0.52109375 0.0171875 0.0703125
0 0.58671875 0.51171875 0.0109375 0.0734375
0 0.609375 0.509375 0.009375 0.0546875
0 0.43671875 0.5609375 0.021875 0.103125
0 0.34140625 0.56015625 0.0171875 0.078125
0 0.40625 0.5984375 0.025 0.096875
0 0.31796875 0.5515625 0.021875 0.0609375
0 0.9609375 0.4203125 0.078125 0.140625
0 0.41640625 0.54375 0.0265625 0.0609375