0 0.38125 0.5421875 0.01875 0.028125
0 0.7078125 0.6109375 0.0375 0.06875
0 0.77734375 0.55625 0.01875 0.03125
0 0.3359375 0.5859375 0.0234375 0.0421875
0 0.25625 0.3671875 0.0078125 0.009375
0 0.2828125 0.36015625 0.0078125 0.009375
0 0.2734375 0.428125 0.0046875 0.009375
0 0.33203125 0.3859375 0.0109375 0.0140625
0 0.246875 0.33515625 0.003125 0.0078125
0 0.184375 0.37421875 0.0078125 0.0125
0 0.984375 0.58671875 0.021875 0.0359375
0 0.325 0.340625 0.0078125 0.0140625
0 0.2703125 0.36796875 0.0078125 0.009375