0 0.59765625 0.409375 0.15625 0.4125
0 0.75703125 0.428125 0.1515625 0.45
0 0.85625 0.4625 0.1625 0.559375
0 0.875 0.53984375 0.25 0.8703125
0 0.53203125 0.4390625 0.065625 0.3515625
0 0.33203125 0.465625 0.2546875 0.5171875
0 0.1546875 0.33046875 0.0390625 0.0875
0 0.18515625 0.33984375 0.0546875 0.096875
0 0.253125 0.328125 0.053125 0.1171875
0 0.23046875 0.3171875 0.0171875 0.0609375
0 0.0390625 0.56953125 0.078125 0.3375
0 0.678125 0.32890625 0.0203125 0.0546875
0 0.6875 0.3328125 0.03125 0.09375