0 0.4796875 0.69140625 0.2078125 0.5
0 0.27109375 0.528125 0.1296875 0.2234375
0 0.05859375 0.35390625 0.009375 0.0296875
0 0.47734375 0.39609375 0.0546875 0.1546875
0 0.26796875 0.44296875 0.140625 0.33125
0 0.8609375 0.40859375 0.05 0.2671875
0 0.0875 0.42578125 0.0703125 0.3015625
0 0.23203125 0.3125 0.053125 0.06875
0 0.56171875 0.44453125 0.115625 0.3828125
0 0.35234375 0.37421875 0.034375 0.1234375
0 0.38125 0.38125 0.0328125 0.1265625
0 0.03046875 0.43046875 0.0609375 0.25
0 0.1640625 0.43125 0.1140625 0.3578125