0 0.2375 0.66875 0.196875 0.3140625
0 0.8625 0.25625 0.190625 0.3140625
0 0.60625 0.796875 0.00625 0.0203125
0 0.3921875 0.86328125 0.0078125 0.0234375
0 0.29921875 0.84296875 0.009375 0.0203125
0 0.68125 0.78515625 0.0078125 0.01875
0 0.69140625 0.78671875 0.00625 0.0140625
0 0.71796875 0.77421875 0.0078125 0.0171875
0 0.55859375 0.84765625 0.0046875 0.0234375
0 0.69921875 0.78671875 0.0140625 0.01875
0 0.7421875 0.765625 0.00625 0.0171875
0 0.73046875 0.775 0.0078125 0.0203125
0 0.72109375 0.78359375 0.00625 0.0125