0 0.22578125 0.46328125 0.18125 0.2640625
0 0.65234375 0.396875 0.075 0.1578125
0 0.84375 0.440625 0.1125 0.1921875
0 0.909375 0.4546875 0.1015625 0.215625
0 0.50390625 0.396875 0.08125 0.0953125
0 0.465625 0.38203125 0.0375 0.078125
0 0.42890625 0.40078125 0.0609375 0.1046875
0 0.43046875 0.353125 0.0390625 0.0390625
0 0.31171875 0.39765625 0.0296875 0.053125
0 0.98359375 0.37890625 0.0328125 0.0765625
0 0.5125 0.34453125 0.04375 0.0359375
0 0.70234375 0.3640625 0.0203125 0.0921875
0 0.35625 0.409375 0.0765625 0.0609375