0 0.79765625 0.59765625 0.015625 0.071875
0 0.77734375 0.52890625 0.015625 0.0578125
0 0.7953125 0.44453125 0.0140625 0.0453125
0 0.78203125 0.44609375 0.0125 0.0390625
0 0.64609375 0.42890625 0.009375 0.0359375
0 0.88828125 0.5734375 0.015625 0.078125
0 0.8046875 0.44140625 0.0125 0.0515625
0 0.7171875 0.4171875 0.0078125 0.0421875
0 0.69609375 0.43515625 0.0140625 0.0265625
0 0.621875 0.425 0.0140625 0.0421875
0 0.6078125 0.45 0.0140625 0.0390625
0 0.5921875 0.4140625 0.0078125 0.01875
0 0.603125 0.43984375 0.0078125 0.0359375