0 0.3046875 0.66875 0.609375 0.625
0 0.38984375 0.284375 0.1546875 0.1515625
0 0.7328125 0.153125 0.1078125 0.16875
0 0.88984375 0.15703125 0.140625 0.1734375
0 0.16484375 0.50546875 0.3296875 0.3234375
0 0.0640625 0.49375 0.128125 0.3
0 0.58203125 0.43203125 0.0609375 0.203125
0 0.93203125 0.3796875 0.1359375 0.3
0 0.584375 0.14140625 0.1421875 0.18125
0 0.1203125 0.45234375 0.1609375 0.1625
0 0.71640625 0.61328125 0.45 0.7453125
0 0.303125 0.40546875 0.084375 0.09375
0 0.09140625 0.32578125 0.1828125 0.1671875