0 0.34453125 0.64140625 0.528125 0.6984375
0 0.65234375 0.61796875 0.0296875 0.1453125
0 0.69140625 0.60234375 0.028125 0.1171875
0 0.6109375 0.63125 0.0515625 0.21875
0 0.7984375 0.634375 0.059375 0.1578125
0 0.84140625 0.5375 0.0109375 0.01875
0 0.10390625 0.54296875 0.0140625 0.0421875
0 0.72734375 0.615625 0.0296875 0.1109375
0 0.778125 0.57265625 0.0234375 0.0796875
0 0.95 0.61953125 0.015625 0.0515625
0 0.90390625 0.653125 0.0796875 0.2765625
0 0.83203125 0.60390625 0.0328125 0.1546875
0 0.0296875 0.66640625 0.04375 0.2734375