0 0.9890625 0.4 0.0203125 0.1
0 0.35 0.39765625 0.021875 0.0765625
0 0.64765625 0.39609375 0.0140625 0.075
0 0.3234375 0.39609375 0.0171875 0.0765625
0 0.7015625 0.37421875 0.0109375 0.0296875
0 0.45390625 0.39609375 0.009375 0.0390625
0 0.959375 0.36796875 0.0171875 0.05
0 0.9203125 0.378125 0.0203125 0.0609375
0 0.92265625 0.403125 0.025 0.0953125
0 0.98046875 0.39453125 0.01875 0.10625
0 0.42734375 0.38046875 0.015625 0.0328125
0 0.8453125 0.38046875 0.015625 0.0328125
0 0.94453125 0.39609375 0.0328125 0.1109375