0 0.62109375 0.58515625 0.309375 0.465625
0 0.2671875 0.6875 0.290625 0.3375
0 0.11328125 0.64296875 0.171875 0.4125
0 0.3125 0.14140625 0.0921875 0.1265625
0 0.60859375 0.2578125 0.1265625 0.209375
0 0.5453125 0.26953125 0.0640625 0.2359375
0 0.23125 0.1453125 0.078125 0.13125
0 0.14453125 0.15234375 0.1 0.1328125
0 0.16796875 0.0703125 0.084375 0.13125
0 0.03125 0.0953125 0.0609375 0.1359375
0 0.75625 0.20859375 0.1015625 0.2984375
0 0.60625 0.14921875 0.08125 0.0984375
0 0.703125 0.20234375 0.1203125 0.259375