0 0.384375 0.6203125 0.0625 0.3765625
0 0.85703125 0.61484375 0.1 0.4125
0 0.91015625 0.70859375 0.025 0.1625
0 0.05859375 0.66171875 0.0375 0.146875
0 0.1125 0.6 0.0140625 0.0328125
0 0.03203125 0.7453125 0.0359375 0.10625
0 0.0171875 0.61171875 0.0203125 0.0671875
0 0.1109375 0.546875 0.021875 0.0796875
0 0.08828125 0.546875 0.025 0.0828125
0 0.16328125 0.6203125 0.0171875 0.0859375
0 0.97421875 0.80859375 0.0046875 0.140625
0 0.93046875 0.8046875 0.040625 0.1328125
0 0.9765625 0.575 0.03125 0.0875