0 0.52421875 0.58671875 0.4 0.8265625
0 0.32890625 0.65078125 0.215625 0.66875
0 0.19375 0.56640625 0.35625 0.8390625
0 0.8921875 0.52421875 0.0546875 0.33125
0 0.80546875 0.49296875 0.0453125 0.184375
0 0.8546875 0.51953125 0.05 0.2390625
0 0.9453125 0.5265625 0.0703125 0.278125
0 0.80859375 0.31796875 0.009375 0.0203125
0 0.71171875 0.61796875 0.10625 0.5203125
0 0.64375 0.3609375 0.0078125 0.015625
0 0.6515625 0.3515625 0.0109375 0.015625
0 0.7578125 0.39140625 0.015625 0.025
0 0.803125 0.34453125 0.009375 0.0203125