0 0.55 0.49296875 0.221875 0.8140625
0 0.67734375 0.40703125 0.1 0.478125
0 0.43203125 0.453125 0.2109375 0.525
0 0.22109375 0.45234375 0.165625 0.4375
0 0.95703125 0.24921875 0.021875 0.0703125
0 0.77734375 0.2578125 0.0125 0.046875
0 0.7609375 0.253125 0.0140625 0.053125
0 0.40625 0.26015625 0.0109375 0.0328125
0 0.34921875 0.26796875 0.0921875 0.0515625
0 0.8453125 0.47421875 0.253125 0.54375
0 0.796875 0.2515625 0.009375 0.053125
0 0.7140625 0.234375 0.0109375 0.0140625
0 0.26953125 0.26796875 0.00625 0.0375