0 0.1359375 0.621875 0.034375 0.140625
0 0.021875 0.6453125 0.04375 0.2015625
0 0.32890625 0.50078125 0.0703125 0.1234375
0 0.0984375 0.60703125 0.046875 0.215625
0 0.57421875 0.2296875 0.0453125 0.0671875
0 0.6578125 0.2375 0.05 0.0671875
0 0.734375 0.246875 0.025 0.046875
0 0.7703125 0.26796875 0.040625 0.0484375
0 0.46171875 0.21796875 0.0328125 0.046875
0 0.43046875 0.20859375 0.0265625 0.04375
0 0.70078125 0.24921875 0.3609375 0.128125
0 0.0203125 0.215625 0.0375 0.0515625
0 0.50390625 0.2296875 0.0140625 0.0234375