0 0.62578125 0.5375 0.534375 0.6390625
0 0.1671875 0.31796875 0.1140625 0.0859375
0 0.278125 0.32578125 0.1640625 0.10625
0 0.32578125 0.33203125 0.0765625 0.084375
0 0.346875 0.30546875 0.04375 0.06875
0 0.16328125 0.259375 0.0421875 0.04375
0 0.88671875 0.36015625 0.090625 0.0703125
0 0.24453125 0.26171875 0.0421875 0.04375
0 0.29296875 0.2421875 0.0609375 0.0578125
0 0.95546875 0.39921875 0.0890625 0.1015625
0 0.65859375 0.334375 0.128125 0.1015625
0 0.065625 0.36953125 0.13125 0.0921875
0 0.12734375 0.34765625 0.15625 0.1109375