0 0.490625 0.515625 0.25 0.6734375
0 0.75390625 0.58203125 0.3015625 0.8203125
0 0.4546875 0.309375 0.0625 0.090625
0 0.01796875 0.29609375 0.0328125 0.0734375
0 0.203125 0.3046875 0.0875 0.0453125
0 0.3734375 0.315625 0.10625 0.153125
0 0.15859375 0.4296875 0.165625 0.203125
0 0.90078125 0.28125 0.0203125 0.0234375
0 0.91953125 0.2765625 0.0203125 0.0234375
0 0.05 0.303125 0.046875 0.0859375
0 0.93515625 0.44296875 0.1296875 0.3875
0 0.83671875 0.278125 0.0203125 0.028125
0 0.87890625 0.2921875 0.0421875 0.0328125