0 0.8171875 0.62890625 0.296875 0.7421875
0 0.28828125 0.27265625 0.0125 0.01875
0 0.29921875 0.25546875 0.0140625 0.03125
0 0.603125 0.196875 0.0171875 0.0375
0 0.88984375 0.16796875 0.0140625 0.0234375
0 0.74921875 0.2171875 0.01875 0.0421875
0 0.7890625 0.19921875 0.009375 0.0296875
0 0.796875 0.12734375 0.009375 0.028125
0 0.809375 0.17734375 0.0171875 0.028125
0 0.74921875 0.18203125 0.01875 0.0234375
0 0.675 0.2125 0.0125 0.0234375
0 0.66796875 0.17734375 0.0109375 0.0234375
0 0.884375 0.06640625 0.0140625 0.046875