0 0.071875 0.72265625 0.009375 0.0390625
0 0.03359375 0.75625 0.0203125 0.0296875
0 0.8453125 0.73515625 0.0140625 0.0359375
0 0.0046875 0.734375 0.009375 0.05625
0 0.86015625 0.72890625 0.0171875 0.0546875
0 0.7953125 0.71484375 0.0125 0.0390625
0 0.76015625 0.71953125 0.0078125 0.0296875
0 0.065625 0.72421875 0.0046875 0.0265625
0 0.83203125 0.73046875 0.01875 0.05
0 0.90234375 0.72109375 0.00625 0.0390625
0 0.7546875 0.71328125 0.009375 0.0234375
0 0.034375 0.72265625 0.0125 0.0375
0 0.01640625 0.73359375 0.01875 0.0609375