0 0.44296875 0.54453125 0.49375 0.509375
0 0.57734375 0.3984375 0.121875 0.1578125
0 0.3984375 0.253125 0.146875 0.18125
0 0.2890625 0.24453125 0.1078125 0.1546875
0 0.79140625 0.2421875 0.1265625 0.1734375
0 0.90546875 0.23984375 0.184375 0.1921875
0 0.64140625 0.175 0.1359375 0.1953125
0 0.18046875 0.13828125 0.1234375 0.1234375
0 0.171875 0.221875 0.13125 0.1515625
0 0.2890625 0.13359375 0.1 0.1140625
0 0.52421875 0.07109375 0.128125 0.1359375
0 0.04296875 0.22421875 0.0859375 0.1453125
0 0.74609375 0.0703125 0.11875 0.1390625