0 0.075 0.434375 0.15 0.325
0 0.53359375 0.5875 0.103125 0.60625
0 0.74375 0.51484375 0.1625 0.6234375
0 0.903125 0.5359375 0.19375 0.928125
0 0.16796875 0.2203125 0.1296875 0.2640625
0 0.21796875 0.2109375 0.071875 0.1984375
0 0.32109375 0.19765625 0.065625 0.15
0 0.27578125 0.22109375 0.0390625 0.1046875
0 0.3046875 0.58515625 0.1265625 0.6578125
0 0.61015625 0.31171875 0.0734375 0.1734375
0 0.77109375 0.359375 0.03125 0.109375
0 0.4296875 0.17890625 0.08125 0.1828125
0 0.4765625 0.1875 0.0046875 0.1046875