0 0.36796875 0.68046875 0.0609375 0.26875
0 0.43984375 0.596875 0.05625 0.2421875
0 0.30625 0.5859375 0.05 0.25
0 0.6375 0.96953125 0.0296875 0.0609375
0 0.471875 0.65390625 0.05625 0.2421875
0 0.53203125 0.7734375 0.0703125 0.2421875
0 0.6171875 0.83359375 0.059375 0.3078125
0 0.77265625 0.85546875 0.0765625 0.2890625
0 0.33125 0.26640625 0.0265625 0.05625
0 0.5703125 0.3609375 0.0375 0.15625
0 0.3015625 0.28203125 0.015625 0.053125
0 0.26328125 0.603125 0.0703125 0.24375
0 0.4171875 0.8140625 0.0578125 0.171875