0 0.6875 0.5734375 0.0125 0.0234375
0 0.659375 0.58203125 0.0078125 0.021875
0 0.63515625 0.57734375 0.00625 0.021875
0 0.5625 0.5703125 0.00625 0.0109375
0 0.42578125 0.5828125 0.009375 0.034375
0 0.79375 0.56171875 0.0078125 0.0171875
0 0.66640625 0.57734375 0.009375 0.0328125
0 0.6421875 0.5796875 0.0046875 0.0265625
0 0.403125 0.584375 0.0109375 0.0390625
0 0.6109375 0.57421875 0.0078125 0.034375
0 0.62734375 0.57734375 0.0109375 0.0359375
0 0.64921875 0.58203125 0.00625 0.028125
0 0.59375 0.57890625 0.0078125 0.028125