0 0.20859375 0.26875 0.078125 0.1390625
0 0.1421875 0.228125 0.0703125 0.1640625
0 0.38359375 0.25078125 0.0578125 0.2265625
0 0.5 0.25703125 0.05 0.1484375
0 0.07421875 0.16796875 0.04375 0.1921875
0 0.1421875 0.28515625 0.0765625 0.1703125
0 0.984375 0.21015625 0.0296875 0.1125
0 0.04765625 0.15546875 0.028125 0.175
0 0.76328125 0.10703125 0.03125 0.0734375
0 0.11953125 0.134375 0.040625 0.1
0 0.0234375 0.215625 0.046875 0.2109375
0 0.9390625 0.828125 0.121875 0.3421875
0 0.10078125 0.11015625 0.0296875 0.0671875