0 0.89375 0.4921875 0.0828125 0.38125
0 0.83203125 0.265625 0.009375 0.015625
0 0.49375 0.4609375 0.046875 0.0671875
0 0.765625 0.2796875 0.01875 0.028125
0 0.7296875 0.27890625 0.0140625 0.025
0 0.18515625 0.3984375 0.0265625 0.1078125
0 0.19921875 0.39453125 0.0109375 0.109375
0 0.12421875 0.2984375 0.0125 0.0484375
0 0.22265625 0.3359375 0.01875 0.1078125
0 0.16171875 0.40625 0.03125 0.11875
0 0.96640625 0.490625 0.05 0.3
0 0.16875 0.32890625 0.0234375 0.071875
0 0.68359375 0.27265625 0.01875 0.0375