0 0.625 0.5875 0.0609375 0.1140625
0 0.70234375 0.57421875 0.04375 0.0921875
0 0.828125 0.5765625 0.0203125 0.08125
0 0.37109375 0.5578125 0.0296875 0.0703125
0 0.4296875 0.58125 0.0578125 0.1171875
0 0.89140625 0.5890625 0.0515625 0.1015625
0 0.97578125 0.58359375 0.046875 0.1109375
0 0.671875 0.571875 0.0484375 0.090625
0 0.80546875 0.578125 0.0375 0.0828125
0 0.83984375 0.58203125 0.0390625 0.0953125
0 0.38515625 0.55703125 0.0296875 0.0609375
0 0.459375 0.57578125 0.0375 0.1234375
0 0.603125 0.5078125 0.0390625 0.01875