0 0.7875 0.41953125 0.1625 0.6671875
0 0.47421875 0.35703125 0.0703125 0.296875
0 0.6203125 0.5921875 0.171875 0.7921875
0 0.3796875 0.52109375 0.153125 0.590625
0 0.37578125 0.11953125 0.0265625 0.0984375
0 0.553125 0.196875 0.078125 0.33125
0 0.64140625 0.1921875 0.046875 0.0984375
0 0.659375 0.16640625 0.0046875 0.23125
0 0.70078125 0.1390625 0.028125 0.1125
0 0.8953125 0.11484375 0.028125 0.0859375
0 0.228125 0.25859375 0.05625 0.2078125
0 0.33515625 0.2515625 0.096875 0.4078125
0 0.925 0.20703125 0.078125 0.15