0 0.16015625 0.6875 0.153125 0.4078125
0 0.47109375 0.50390625 0.153125 0.3125
0 0.62421875 0.64765625 0.228125 0.3515625
0 0.11015625 0.50390625 0.1375 0.6296875
0 0.27265625 0.37890625 0.20625 0.3671875
0 0.30625 0.64609375 0.1921875 0.4171875
0 0.64296875 0.36015625 0.146875 0.3890625
0 0.7671875 0.47265625 0.1453125 0.6140625
0 0.9109375 0.51171875 0.178125 0.6671875
0 0.21953125 0.39140625 0.134375 0.4328125
0 0.63046875 0.80078125 0.6203125 0.3625
0 0.41171875 0.38046875 0.1265625 0.41875
0 0.53203125 0.45859375 0.1390625 0.5375