0 0.5234375 0.49921875 0.2359375 0.7625
0 0.42890625 0.30703125 0.075 0.2921875
0 0.253125 0.403125 0.0875 0.1109375
0 0.7953125 0.68359375 0.0671875 0.1953125
0 0.790625 0.31796875 0.0296875 0.0765625
0 0.9328125 0.68671875 0.1109375 0.2328125
0 0.04140625 0.39296875 0.0828125 0.1234375
0 0.090625 0.40078125 0.084375 0.1109375
0 0.1703125 0.40234375 0.0859375 0.10625
0 0.696875 0.38359375 0.0984375 0.13125
0 0.78671875 0.37734375 0.096875 0.125
0 0.91015625 0.390625 0.103125 0.1125
0 0.87890625 0.36953125 0.06875 0.15625