0 0.52109375 0.73984375 0.115625 0.35
0 0.08671875 0.4671875 0.0296875 0.071875
0 0.11328125 0.4765625 0.0328125 0.0796875
0 0.1421875 0.51171875 0.0203125 0.059375
0 0.18828125 0.471875 0.0421875 0.0890625
0 0.29375 0.503125 0.03125 0.071875
0 0.3125 0.5046875 0.0171875 0.065625
0 0.28671875 0.153125 0.021875 0.04375
0 0.640625 0.27890625 0.0265625 0.071875
0 0.30859375 0.471875 0.015625 0.0390625
0 0.32421875 0.509375 0.0265625 0.0625
0 0.134375 0.4671875 0.028125 0.0828125
0 0.1203125 0.2703125 0.03125 0.0796875