0 0.615625 0.159375 0.0390625 0.0890625
0 0.52890625 0.234375 0.0390625 0.178125
0 0.32109375 0.6953125 0.0390625 0.2296875
0 0.21953125 0.7140625 0.05 0.28125
0 0.16875 0.72734375 0.0515625 0.3046875
0 0.6875 0.74375 0.075 0.31875
0 0.06171875 0.73671875 0.059375 0.3140625
0 0.35625 0.68828125 0.040625 0.2203125
0 0.2578125 0.709375 0.05 0.25
0 0.75703125 0.70234375 0.0734375 0.3765625
0 0.3703125 0.6265625 0.0265625 0.1265625
0 0.34140625 0.53359375 0.015625 0.0328125
0 0.8671875 0.76953125 0.0734375 0.3859375