0 0.946875 0.50625 0.059375 0.25
0 0.31328125 0.44296875 0.025 0.0984375
0 0.28828125 0.44453125 0.021875 0.0828125
0 0.26796875 0.46640625 0.025 0.0421875
0 0.2453125 0.45546875 0.0265625 0.0640625
0 0.2125 0.453125 0.0203125 0.0890625
0 0.18984375 0.44609375 0.021875 0.10625
0 0.1671875 0.446875 0.0296875 0.1078125
0 0.1359375 0.453125 0.0171875 0.0984375
0 0.084375 0.45 0.0234375 0.1203125
0 0.02109375 0.44765625 0.0265625 0.1203125
0 0.9875 0.52578125 0.025 0.2296875
0 0.32890625 0.45859375 0.0125 0.0390625