0 0.46640625 0.64296875 0.24375 0.265625
0 0.7375 0.42734375 0.1015625 0.1625
0 0.25234375 0.2046875 0.06875 0.078125
0 0.54609375 0.371875 0.075 0.0796875
0 0.47734375 0.36875 0.0828125 0.0875
0 0.33828125 0.3671875 0.0859375 0.0859375
0 0.27109375 0.3625 0.0671875 0.078125
0 0.3 0.3125 0.0734375 0.1015625
0 0.37109375 0.3203125 0.0734375 0.10625
0 0.61484375 0.0359375 0.0671875 0.071875
0 0.40625 0.0703125 0.0671875 0.0953125
0 0.41171875 0.3625 0.075 0.103125
0 0.165625 0.06328125 0.05625 0.0890625