0 0.12734375 0.7578125 0.01875 0.071875
0 0.25546875 0.76328125 0.021875 0.0984375
0 0.234375 0.7421875 0.0125 0.0625
0 0.1734375 0.765625 0.0203125 0.11875
0 0.07890625 0.72734375 0.0234375 0.0328125
0 0.190625 0.771875 0.0171875 0.1078125
0 0.21640625 0.76328125 0.0234375 0.1046875
0 0.2421875 0.75625 0.01875 0.103125
0 0.27578125 0.75625 0.025 0.109375
0 0.39609375 0.74375 0.015625 0.065625
0 0.40546875 0.74453125 0.0078125 0.028125
0 0.9546875 0.54921875 0.028125 0.0375
0 0.55625 0.77734375 0.0578125 0.103125