0 0.41796875 0.35546875 0.1 0.103125
0 0.13359375 0.4515625 0.0125 0.0140625
0 0.171875 0.54453125 0.0296875 0.0640625
0 0.85234375 0.39765625 0.015625 0.0265625
0 0.83203125 0.3578125 0.0171875 0.0265625
0 0.78671875 0.37109375 0.046875 0.021875
0 0.95390625 0.36875 0.009375 0.021875
0 0.05390625 0.5625 0.053125 0.0421875
0 0.046875 0.45390625 0.0203125 0.0328125
0 0.81015625 0.35078125 0.0078125 0.01875
0 0.9625 0.39296875 0.0125 0.0234375
0 0.11953125 0.45625 0.015625 0.009375
0 0.77109375 0.40859375 0.015625 0.0265625