0 0.31875 0.57734375 0.096875 0.3390625
0 0.78671875 0.6921875 0.1640625 0.5765625
0 0.5640625 0.57578125 0.1 0.3625
0 0.83984375 0.44765625 0.03125 0.0984375
0 0.92109375 0.4609375 0.0328125 0.1265625
0 0.44140625 0.55234375 0.078125 0.315625
0 0.19765625 0.6296875 0.08125 0.50625
0 0.0453125 0.6296875 0.0875 0.7171875
0 0.0390625 0.42734375 0.0359375 0.1421875
0 0.234375 0.45546875 0.034375 0.1359375
0 0.6109375 0.43671875 0.046875 0.0984375
0 0.0765625 0.421875 0.0265625 0.1453125
0 0.8859375 0.453125 0.03125 0.1078125