0 0.75546875 0.5296875 0.134375 0.2859375
0 0.940625 0.45859375 0.09375 0.10625
0 0.87421875 0.83671875 0.0453125 0.1234375
0 0.66953125 0.84765625 0.05 0.115625
0 0.7640625 0.8953125 0.090625 0.1046875
0 0.3109375 0.51171875 0.1546875 0.265625
0 0.525 0.81328125 0.11875 0.2921875
0 0.37265625 0.11875 0.128125 0.1546875
0 0.26953125 0.1671875 0.1296875 0.321875
0 0.80390625 0.84140625 0.0421875 0.1203125
0 0.4984375 0.690625 0.0265625 0.0046875
0 0.1875 0.14765625 0.078125 0.1328125
0 0.5453125 0.0953125 0.08125 0.1890625