0 0.496875 0.5390625 0.2296875 0.4203125
0 0.41796875 0.446875 0.0703125 0.1578125
0 0.32265625 0.44375 0.0625 0.1671875
0 0.1953125 0.62109375 0.2265625 0.2890625
0 0.05234375 0.57265625 0.1046875 0.3796875
0 0.021875 0.4046875 0.04375 0.1171875
0 0.1171875 0.44921875 0.053125 0.1859375
0 0.225 0.41640625 0.034375 0.096875
0 0.671875 0.49609375 0.015625 0.0984375
0 0.596875 0.50390625 0.01875 0.096875
0 0.03828125 0.38359375 0.028125 0.06875
0 0.84921875 0.5046875 0.021875 0.0828125
0 0.0546875 0.50234375 0.03125 0.234375