0 0.21796875 0.78359375 0.075 0.1296875
0 0.25703125 0.78046875 0.0421875 0.1203125
0 0.534375 0.73203125 0.0296875 0.0546875
0 0.71953125 0.75625 0.0296875 0.0703125
0 0.771875 0.740625 0.0234375 0.0046875
0 0.334375 0.77734375 0.0359375 0.0859375
0 0.82578125 0.7421875 0.0421875 0.0828125
0 0.75546875 0.7640625 0.0625 0.0875
0 0.67578125 0.75859375 0.0265625 0.0640625
0 0.47578125 0.75625 0.0296875 0.0453125
0 0.59375 0.7703125 0.0203125 0.0328125
0 0.57265625 0.75859375 0.01875 0.04375
0 0.525 0.75859375 0.0453125 0.0390625