0 0.51171875 0.55390625 0.4296875 0.8640625
0 0.609375 0.0828125 0.025 0.0421875
0 0.20859375 0.33828125 0.0625 0.20625
0 0.61328125 0.15546875 0.034375 0.090625
0 0.1640625 0.38515625 0.0609375 0.103125
0 0.8359375 0.36875 0.0578125 0.1609375
0 0.2375 0.27890625 0.053125 0.28125
0 0.10859375 0.3828125 0.05 0.11875
0 0.4765625 0.346875 0.0625 0.15
0 0.2921875 0.19296875 0.0625 0.221875
0 0.5140625 0.28359375 0.0546875 0.128125
0 0.16015625 0.059375 0.0265625 0.0609375
0 0.6453125 0.3828125 0.05 0.128125