0 0.42265625 0.46875 0.209375 0.309375
0 0.38984375 0.2640625 0.071875 0.159375
0 0.29921875 0.2578125 0.05 0.1265625
0 0.85234375 0.29921875 0.09375 0.1828125
0 0.7984375 0.29453125 0.05 0.14375
0 0.50703125 0.275 0.090625 0.1640625
0 0.68671875 0.27578125 0.0703125 0.1546875
0 0.06796875 0.2453125 0.06875 0.134375
0 0.64140625 0.28984375 0.0859375 0.15625
0 0.92578125 0.290625 0.06875 0.121875
0 0.25 0.26796875 0.05 0.125
0 0.75390625 0.28046875 0.046875 0.11875
0 0.4328125 0.25859375 0.0015625 0.1359375