0 0.43671875 0.73125 0.684375 0.4046875
0 0.2140625 0.40625 0.3453125 0.6640625
0 0.5234375 0.26875 0.071875 0.3546875
0 0.6265625 0.3109375 0.1109375 0.6046875
0 0.0890625 0.32578125 0.178125 0.584375
0 0.890625 0.32890625 0.196875 0.6578125
0 0.56015625 0.1796875 0.0578125 0.225
0 0.7421875 0.3171875 0.209375 0.590625
0 0.79453125 0.09296875 0.0921875 0.134375
0 0.71015625 0.103125 0.146875 0.20625
0 0.3859375 0.15625 0.0921875 0.290625
0 0.30390625 0.31796875 0.128125 0.6359375
0 0.4453125 0.34140625 0.140625 0.5921875