0 0.4703125 0.309375 0.16875 0.2875
0 0.64296875 0.38828125 0.2078125 0.4515625
0 0.80546875 0.62265625 0.35 0.7546875
0 0.5171875 0.125 0.1359375 0.1703125
0 0.29609375 0.12734375 0.0984375 0.2265625
0 0.38359375 0.13046875 0.09375 0.24375
0 0.190625 0.57890625 0.3203125 0.6875
0 0.34765625 0.05703125 0.05625 0.0984375
0 0.0265625 0.08515625 0.053125 0.1109375
0 0.4734375 0.02421875 0.009375 0.0328125
0 0.61640625 0.02734375 0.0078125 0.0296875
0 0.24453125 0.08203125 0.05625 0.1328125
0 0.9203125 0.03125 0.009375 0.0203125