0 0.21953125 0.65859375 0.2015625 0.571875
0 0.090625 0.34921875 0.175 0.396875
0 0.56796875 0.59453125 0.14375 0.678125
0 0.92890625 0.53125 0.1375 0.75
0 0.69453125 0.4015625 0.10625 0.40625
0 0.71796875 0.3140625 0.05 0.153125
0 0.1109375 0.3515625 0.146875 0.28125
0 0.196875 0.29921875 0.2265625 0.4390625
0 0.1125 0.6375 0.121875 0.596875
0 0.40625 0.45546875 0.2390625 0.290625
0 0.80546875 0.29921875 0.040625 0.09375
0 0.69453125 0.73828125 0.125 0.4171875
0 0.78125 0.7375 0.1234375 0.50625