0 0.5734375 0.5765625 0.2609375 0.7109375
0 0.753125 0.61796875 0.2046875 0.3765625
0 0.9390625 0.55390625 0.0890625 0.1546875
0 0.9125 0.40390625 0.1046875 0.315625
0 0.92265625 0.2296875 0.1109375 0.178125
0 0.15234375 0.5734375 0.1296875 0.1296875
0 0.784375 0.346875 0.1015625 0.1625
0 0.88515625 0.15078125 0.071875 0.1328125
0 0.7296875 0.28046875 0.0984375 0.1671875
0 0.253125 0.5359375 0.121875 0.1640625
0 0.19765625 0.41953125 0.1078125 0.190625
0 0.30703125 0.4265625 0.1 0.1921875
0 0.1421875 0.26953125 0.10625 0.14375