0 0.55 0.684375 0.1734375 0.34375
0 0.79921875 0.72734375 0.1046875 0.2109375
0 0.915625 0.71328125 0.15625 0.3078125
0 0.16796875 0.08671875 0.05 0.05
0 0.87890625 0.11953125 0.0765625 0.1859375
0 0.6796875 0.09921875 0.096875 0.19375
0 0.34140625 0.0625 0.03125 0.125
0 0.53671875 0.07890625 0.090625 0.1578125
0 0.49140625 0.07734375 0.06875 0.1546875
0 0.771875 0.11484375 0.078125 0.1875
0 0.93515625 0.12109375 0.084375 0.19375
0 0.81015625 0.11328125 0.0703125 0.1796875
0 0.43984375 0.075 0.0734375 0.1484375