0 0.590625 0.54921875 0.609375 0.7453125
0 0.6296875 0.121875 0.0953125 0.1046875
0 0.72109375 0.1109375 0.096875 0.16875
0 0.84296875 0.16328125 0.0875 0.065625
0 0.91953125 0.0953125 0.09375 0.1234375
0 0.08125 0.103125 0.1296875 0.1390625
0 0.25859375 0.10703125 0.075 0.1203125
0 0.0453125 0.16015625 0.078125 0.0640625
0 0.3296875 0.059375 0.103125 0.1
0 0.41875 0.06015625 0.059375 0.08125
0 0.81171875 0.096875 0.09375 0.1046875
0 0.13828125 0.028125 0.1171875 0.05625
0 0.84296875 0.12890625 0.0890625 0.1125