0 0.4203125 0.5078125 0.134375 0.2921875
0 0.828125 0.246875 0.05625 0.1
0 0.7390625 0.5453125 0.128125 0.2484375
0 0.95390625 0.2546875 0.0640625 0.103125
0 0.734375 0.240625 0.053125 0.0953125
0 0.3140625 0.15859375 0.0390625 0.0515625
0 0.26953125 0.16953125 0.05 0.0765625
0 0.159375 0.1421875 0.0640625 0.140625
0 0.08046875 0.1515625 0.0796875 0.146875
0 0.61015625 0.57265625 0.15625 0.221875
0 0.80703125 0.0703125 0.0421875 0.0703125
0 0.6359375 0.03984375 0.0359375 0.071875
0 0.721875 0.0453125 0.0390625 0.08125