0 0.546875 0.55859375 0.275 0.5171875
0 0.82265625 0.40546875 0.084375 0.0671875
0 0.7359375 0.36953125 0.09375 0.071875
0 0.8640625 0.321875 0.06875 0.0640625
0 0.83125 0.2953125 0.05625 0.05625
0 0.90859375 0.284375 0.0546875 0.0640625
0 0.86015625 0.17265625 0.0359375 0.05
0 0.72421875 0.16015625 0.075 0.0953125
0 0.453125 0.16875 0.06875 0.059375
0 0.82265625 0.34765625 0.0734375 0.0640625
0 0.58203125 0.19765625 0.059375 0.05625
0 0.396875 0.14765625 0.0515625 0.0421875
0 0.7390625 0.45 0.1171875 0.0859375