0 0.1015625 0.50234375 0.1609375 0.740625
0 0.24140625 0.30546875 0.1453125 0.340625
0 0.1375 0.60078125 0.1890625 0.5265625
0 0.27109375 0.584375 0.14375 0.54375
0 0.4 0.58515625 0.146875 0.54375
0 0.5015625 0.6703125 0.11875 0.4296875
0 0.60625 0.61171875 0.125 0.509375
0 0.72890625 0.60078125 0.1609375 0.53125
0 0.84765625 0.5984375 0.1609375 0.5453125
0 0.89296875 0.46171875 0.153125 0.7453125
0 0.34609375 0.3109375 0.109375 0.353125
0 0.47265625 0.3 0.13125 0.3828125
0 0.60859375 0.3296875 0.1625 0.434375