0 0.19296875 0.6734375 0.040625 0.196875
0 0.15625 0.66640625 0.0546875 0.2109375
0 0.06953125 0.678125 0.0375 0.2078125
0 0.9421875 0.621875 0.0109375 0.05625
0 0.5453125 0.64375 0.0203125 0.0765625
0 0.896875 0.63203125 0.01875 0.071875
0 0.83125 0.603125 0.009375 0.0390625
0 0.9125 0.61015625 0.0125 0.028125
0 0.93203125 0.621875 0.0109375 0.05625
0 0.94296875 0.5921875 0.0109375 0.009375
0 0.88203125 0.621875 0.009375 0.0578125
0 0.234375 0.64296875 0.0140625 0.0765625
0 0.12265625 0.625 0.025 0.075