0 0.2140625 0.41875 0.128125 0.403125
0 0.72578125 0.503125 0.171875 0.45625
0 0.7984375 0.56796875 0.2765625 0.403125
0 0.05625 0.303125 0.1125 0.221875
0 0.06328125 0.4734375 0.028125 0.1546875
0 0.02109375 0.5078125 0.0421875 0.46875
0 0.4734375 0.4953125 0.03125 0.103125
0 0.5734375 0.49375 0.0265625 0.0734375
0 0.42265625 0.50234375 0.0421875 0.1015625
0 0.5328125 0.49765625 0.0171875 0.0984375
0 0.09921875 0.515625 0.040625 0.0703125
0 0.50234375 0.52421875 0.059375 0.046875
0 0.971875 0.50625 0.0546875 0.0875