0 0.3703125 0.434375 0.1046875 0.5421875
0 0.49140625 0.621875 0.4 0.75625
0 0.84921875 0.63203125 0.3015625 0.725
0 0.25390625 0.36640625 0.096875 0.3796875
0 0.84296875 0.37109375 0.0703125 0.2578125
0 0.71875 0.21875 0.034375 0.1015625
0 0.57734375 0.25703125 0.053125 0.1984375
0 0.090625 0.334375 0.0203125 0.0671875
0 0.03125 0.353125 0.0625 0.40625
0 0.1453125 0.37265625 0.115625 0.39375
0 0.43359375 0.41640625 0.046875 0.46875
0 0.7234375 0.44296875 0.1359375 0.3890625
0 0.06796875 0.34609375 0.06875 0.3203125