0 0.26015625 0.78359375 0.0390625 0.0703125
0 0.11328125 0.86015625 0.1140625 0.278125
0 0.41796875 0.8171875 0.0484375 0.109375
0 0.715625 0.8234375 0.165625 0.125
0 0.0328125 0.821875 0.065625 0.1796875
0 0.2046875 0.8265625 0.0609375 0.1515625
0 0.3828125 0.7765625 0.028125 0.0390625
0 0.46640625 0.78515625 0.0484375 0.059375
0 0.49296875 0.8046875 0.0421875 0.0359375
0 0.52109375 0.77421875 0.05625 0.0453125
0 0.60625 0.7859375 0.046875 0.03125
0 0.565625 0.78984375 0.0375 0.05625
0 0.5234375 0.81328125 0.0625 0.0046875