0 0.82578125 0.35703125 0.05625 0.11875
0 0.52890625 0.621875 0.0515625 0.1203125
0 0.42421875 0.625 0.075 0.1015625
0 0.365625 0.571875 0.0796875 0.125
0 0.12890625 0.13828125 0.01875 0.1015625
0 0.74609375 0.034375 0.0078125 0.01875
0 0.83046875 0.04765625 0.021875 0.0265625
0 0.915625 0.04453125 0.0140625 0.0265625
0 0.80390625 0.21015625 0.034375 0.0859375
0 0.65546875 0.03515625 0.025 0.04375
0 0.7734375 0.1875 0.0265625 0.0328125
0 0.9453125 0.12890625 0.0234375 0.03125
0 0.6671875 0.9625 0.1265625 0.075