0 0.24375 0.56640625 0.1390625 0.33125
0 0.65078125 0.52109375 0.25 0.41875
0 0.5984375 0.165625 0.0578125 0.0625
0 0.446875 0.14140625 0.0515625 0.0953125
0 0.503125 0.16328125 0.0515625 0.075
0 0.390625 0.15 0.0390625 0.0859375
0 0.40859375 0.17265625 0.0515625 0.0578125
0 0.25859375 0.08125 0.059375 0.0921875
0 0.87265625 0.15859375 0.0453125 0.0765625
0 0.70859375 0.43515625 0.0671875 0.1375
0 0.7703125 0.15390625 0.053125 0.0828125
0 0.36015625 0.61640625 0.209375 0.25625
0 0.24765625 0.17265625 0.0515625 0.0609375