0 0.7375 0.31015625 0.0890625 0.3328125
0 0.928125 0.24375 0.071875 0.2171875
0 0.59375 0.384375 0.2640625 0.5921875
0 0.334375 0.196875 0.0421875 0.1515625
0 0.1671875 0.20390625 0.0578125 0.16875
0 0.94453125 0.5 0.1109375 0.403125
0 0.40234375 0.18046875 0.0140625 0.0515625
0 0.415625 0.17890625 0.015625 0.0609375
0 0.284375 0.1828125 0.0140625 0.0484375
0 0.071875 0.20703125 0.0671875 0.3234375
0 0.45234375 0.190625 0.0203125 0.0625
0 0.709375 0.190625 0.021875 0.0703125
0 0.36875 0.18125 0.01875 0.053125