0 0.64453125 0.49921875 0.2578125 0.6234375
0 0.0875 0.5578125 0.1125 0.3296875
0 0.84375 0.5953125 0.0171875 0.059375
0 0.5015625 0.59765625 0.0140625 0.0453125
0 0.4796875 0.60625 0.0125 0.0234375
0 0.52734375 0.61015625 0.0265625 0.021875
0 0.3 0.5953125 0.00625 0.009375
0 0.74609375 0.5953125 0.0171875 0.059375
0 0.4453125 0.5953125 0.0203125 0.05
0 0.8515625 0.59765625 0.0109375 0.0546875
0 0.13671875 0.5984375 0.0203125 0.05625
0 0.2046875 0.59921875 0.0109375 0.0109375
0 0.3265625 0.59375 0.00625 0.0265625