0 0.728125 0.4 0.1640625 0.3765625
0 0.4046875 0.203125 0.071875 0.109375
0 0.2671875 0.40234375 0.059375 0.115625
0 0.3125 0.4421875 0.09375 0.1359375
0 0.84609375 0.4 0.0703125 0.1109375
0 0.3453125 0.41328125 0.04375 0.1140625
0 0.23125 0.4578125 0.08125 0.140625
0 0.80859375 0.29609375 0.0609375 0.1703125
0 0.89921875 0.29140625 0.071875 0.165625
0 0.15234375 0.44765625 0.0921875 0.184375
0 0.0703125 0.4359375 0.1078125 0.19375
0 0.7515625 0.27578125 0.0453125 0.1140625
0 0.47890625 0.32421875 0.0546875 0.1234375