0 0.32890625 0.6625 0.0921875 0.2046875
0 0.371875 0.6609375 0.0234375 0.2015625
0 0.884375 0.6109375 0.05 0.09375
0 0.86328125 0.61015625 0.0265625 0.08125
0 0.8328125 0.60390625 0.0421875 0.08125
0 0.79609375 0.61171875 0.0265625 0.0859375
0 0.90859375 0.60625 0.0265625 0.084375
0 0.9609375 0.6 0.0234375 0.0828125
0 0.99140625 0.60859375 0.0171875 0.0796875
0 0.846875 0.5765625 0.0140625 0.015625
0 0.98125 0.6015625 0.0296875 0.075
0 0.8109375 0.58359375 0.01875 0.034375
0 0.94765625 0.6234375 0.0625 0.1203125