0 0.93046875 0.55390625 0.0296875 0.0515625
0 0.62109375 0.54296875 0.01875 0.0265625
0 0.57109375 0.53671875 0.0171875 0.0171875
0 0.96015625 0.55546875 0.025 0.0046875
0 0.603125 0.54140625 0.0140625 0.0296875
0 0.65390625 0.52578125 0.0140625 0.0265625
0 0.43359375 0.53203125 0.0125 0.0234375
0 0.44765625 0.53046875 0.0171875 0.021875
0 0.92578125 0.5125 0.0078125 0.0125
0 0.903125 0.51015625 0.0125 0.0109375
0 0.52421875 0.52734375 0.0109375 0.01875
0 0.96796875 0.52734375 0.0109375 0.021875
0 0.99375 0.5640625 0.0125 0.0578125