0 0.6765625 0.5015625 0.1171875 0.4203125
0 0.23046875 0.54140625 0.1625 0.4
0 0.5234375 0.403125 0.0421875 0.128125
0 0.44765625 0.41171875 0.0515625 0.1109375
0 0.6734375 0.33828125 0.0265625 0.075
0 0.834375 0.44609375 0.075 0.3203125
0 0.79453125 0.37265625 0.0265625 0.1625
0 0.75859375 0.37421875 0.025 0.1578125
0 0.84453125 0.59609375 0.0828125 0.5078125
0 0.0515625 0.415625 0.0375 0.1
0 0.91328125 0.36171875 0.025 0.0625
0 0.54140625 0.365625 0.015625 0.0453125
0 0.59140625 0.403125 0.0421875 0.1203125