0 0.6140625 0.7953125 0.14375 0.296875
0 0.49921875 0.51796875 0.059375 0.3609375
0 0.309375 0.50546875 0.05 0.1703125
0 0.18671875 0.0484375 0.0546875 0.096875
0 0.12734375 0.46796875 0.046875 0.1984375
0 0.38828125 0.240625 0.025 0.078125
0 0.3140625 0.22265625 0.053125 0.103125
0 0.75078125 0.259375 0.0453125 0.0921875
0 0.903125 0.33359375 0.0296875 0.0921875
0 0.81953125 0.81640625 0.065625 0.271875
0 0.87890625 0.39921875 0.0359375 0.1234375
0 0.865625 0.771875 0.0703125 0.325
0 0.54140625 0.24765625 0.0390625 0.078125