0 0.028125 0.4625 0.05625 0.1515625
0 0.67734375 0.421875 0.0171875 0.0390625
0 0.653125 0.41953125 0.0234375 0.05625
0 0.04453125 0.46953125 0.015625 0.06875
0 0.26015625 0.43359375 0.0203125 0.078125
0 0.43984375 0.41484375 0.0109375 0.0203125
0 0.615625 0.41171875 0.0109375 0.0171875
0 0.5734375 0.4203125 0.0171875 0.059375
0 0.59453125 0.4234375 0.0109375 0.04375
0 0.42421875 0.4296875 0.015625 0.0484375
0 0.45234375 0.428125 0.0125 0.040625
0 0.2453125 0.4359375 0.0203125 0.084375
0 0.0515625 0.3953125 0.0109375 0.0203125