0 0.46015625 0.6125 0.103125 0.34375
0 0.9765625 0.7203125 0.046875 0.3765625
0 0.865625 0.5875 0.1203125 0.2859375
0 0.775 0.52578125 0.0328125 0.09375
0 0.3578125 0.49453125 0.0328125 0.0484375
0 0.27734375 0.503125 0.05 0.0609375
0 0.628125 0.5 0.053125 0.0796875
0 0.9640625 0.53359375 0.0234375 0.0765625
0 0.390625 0.5046875 0.0140625 0.0390625
0 0.9296875 0.51171875 0.034375 0.065625
0 0.5 0.4953125 0.0171875 0.0375
0 0.13671875 0.49453125 0.0265625 0.0390625
0 0.2375 0.4953125 0.0375 0.05625