0 0.39140625 0.3203125 0.2125 0.2765625
0 0.834375 0.4296875 0.0296875 0.05
0 0.85234375 0.43125 0.0265625 0.05
0 0.88515625 0.4359375 0.0296875 0.0421875
0 0.08515625 0.421875 0.0359375 0.0578125
0 0.01640625 0.4453125 0.0328125 0.0296875
0 0.165625 0.428125 0.0484375 0.05625
0 0.19140625 0.44921875 0.0328125 0.0265625
0 0.94765625 0.44296875 0.0296875 0.021875
0 0.91953125 0.428125 0.0453125 0.059375
0 0.975 0.440625 0.0203125 0.0234375
0 0.04296875 0.44609375 0.0359375 0.0296875
0 0.14453125 0.4 0.0234375 0.0265625