0 0.26953125 0.77265625 0.0359375 0.1109375
0 0.31015625 0.74609375 0.021875 0.0765625
0 0.4015625 0.76171875 0.0453125 0.1265625
0 0.70625 0.7625 0.0390625 0.1421875
0 0.553125 0.73671875 0.0203125 0.0578125
0 0.51328125 0.72890625 0.0140625 0.0515625
0 0.94453125 0.71015625 0.0140625 0.03125
0 0.43203125 0.73671875 0.015625 0.0484375
0 0.32421875 0.74453125 0.00625 0.0078125
0 0.57265625 0.71953125 0.0125 0.04375
0 0.9890625 0.71328125 0.0140625 0.0515625
0 0.91953125 0.73203125 0.01875 0.0765625
0 0.95703125 0.70546875 0.0109375 0.0328125