0 0.384375 0.75546875 0.2984375 0.3640625
0 0.70703125 0.74140625 0.1765625 0.3578125
0 0.8125 0.67265625 0.1109375 0.3546875
0 0.26953125 0.32890625 0.046875 0.0984375
0 0.7046875 0.44375 0.08125 0.0828125
0 0.3734375 0.415625 0.075 0.1171875
0 0.55234375 0.31015625 0.0296875 0.0875
0 0.7875 0.18671875 0.046875 0.0796875
0 0.89375 0.14609375 0.0375 0.0703125
0 0.70234375 0.375 0.0765625 0.1078125
0 0.42578125 0.23359375 0.0421875 0.0859375
0 0.29921875 0.27734375 0.0421875 0.09375
0 0.5140625 0.33203125 0.03125 0.0796875