0 0.44453125 0.2265625 0.025 0.0359375
0 0.41640625 0.22421875 0.040625 0.05
0 0.14921875 0.59921875 0.01875 0.075
0 0.675 0.58046875 0.0171875 0.0609375
0 0.0109375 0.60234375 0.015625 0.0546875
0 0.1875 0.609375 0.00625 0.0546875
0 0.003125 0.6046875 0.00625 0.0515625
0 0.70390625 0.58515625 0.015625 0.059375
0 0.1984375 0.6109375 0.0125 0.05625
0 0.228125 0.62109375 0.0109375 0.0375
0 0.440625 0.49375 0.025 0.040625
0 0.590625 0.55390625 0.0265625 0.05625
0 0.18125 0.6109375 0.0078125 0.0546875