0 0.62890625 0.5921875 0.0765625 0.2421875
0 0.753125 0.59921875 0.065625 0.259375
0 0.7796875 0.58125 0.0453125 0.21875
0 0.83984375 0.58203125 0.0703125 0.278125
0 0.8953125 0.578125 0.05625 0.21875
0 0.93828125 0.56796875 0.0453125 0.228125
0 0.55 0.50390625 0.0296875 0.115625
0 0.60625 0.490625 0.028125 0.071875
0 0.96328125 0.571875 0.0265625 0.146875
0 0.85390625 0.45078125 0.021875 0.0359375
0 0.565625 0.49609375 0.021875 0.1046875
0 0.92109375 0.55234375 0.04375 0.2203125
0 0.52265625 0.49765625 0.0140625 0.0875