0 0.08984375 0.965625 0.015625 0.0390625
0 0.1453125 0.9640625 0.015625 0.034375
0 0.17890625 0.9578125 0.0140625 0.040625
0 0.2328125 0.9578125 0.0234375 0.0421875
0 0.5890625 0.9375 0.046875 0.0359375
0 0.2796875 0.95546875 0.0234375 0.0390625
0 0.1078125 0.96328125 0.0203125 0.0421875
0 0.49609375 0.94609375 0.01875 0.0359375
0 0.434375 0.94609375 0.0234375 0.0359375
0 0.0546875 0.96640625 0.0109375 0.0390625
0 0.1671875 0.96171875 0.0140625 0.034375
0 0.21875 0.95078125 0.0109375 0.0296875
0 0.1546875 0.95234375 0.0109375 0.0234375