0 0.33203125 0.90234375 0.090625 0.1953125
0 0.2046875 0.93984375 0.0921875 0.1203125
0 0.0734375 0.88359375 0.0203125 0.0671875
0 0.053125 0.92109375 0.046875 0.15
0 0.38125 0.96171875 0.0515625 0.0765625
0 0.98203125 0.90078125 0.0359375 0.1984375
0 0.76796875 0.92578125 0.0453125 0.14375
0 0.53984375 0.89453125 0.015625 0.0421875
0 0.66796875 0.87109375 0.0046875 0.01875
0 0.715625 0.91328125 0.05 0.1703125
0 0.6765625 0.896875 0.015625 0.08125
0 0.66328125 0.928125 0.021875 0.0328125
0 0.18671875 0.91171875 0.0984375 0.1703125