0 0.8203125 0.35390625 0.0546875 0.0671875
0 0.91171875 0.32109375 0.0390625 0.1265625
0 0.6 0.31796875 0.015625 0.0546875
0 0.525 0.32265625 0.0171875 0.05625
0 0.40234375 0.38046875 0.0453125 0.0265625
0 0.1359375 0.34375 0.0234375 0.0578125
0 0.1140625 0.33984375 0.0265625 0.0734375
0 0.853125 0.309375 0.04375 0.06875
0 0.98046875 0.33359375 0.0390625 0.1078125
0 0.47421875 0.37890625 0.0390625 0.0234375
0 0.88125 0.33984375 0.0046875 0.0765625
0 0.11953125 0.34609375 0.0125 0.05
0 0.92734375 0.32421875 0.0140625 0.0515625