0 0.665625 0.52734375 0.0984375 0.175
0 0.52578125 0.49375 0.0671875 0.19375
0 0.5171875 0.34140625 0.03125 0.1015625
0 0.67109375 0.890625 0.1375 0.1859375
0 0.753125 0.909375 0.075 0.18125
0 0.7921875 0.3375 0.0375 0.0984375
0 0.5953125 0.18671875 0.0125 0.0265625
0 0.1015625 0.88359375 0.2015625 0.2296875
0 0.63359375 0.528125 0.075 0.125
0 0.9328125 0.37109375 0.0203125 0.1109375
0 0.4046875 0.87734375 0.2203125 0.2296875
0 0.9203125 0.92890625 0.153125 0.13125
0 0.29140625 0.278125 0.0265625 0.0703125