0 0.7203125 0.21796875 0.0671875 0.2640625
0 0.39765625 0.7109375 0.2140625 0.2359375
0 0.63203125 0.6265625 0.184375 0.34375
0 0.596875 0.246875 0.0671875 0.2359375
0 0.11015625 0.19921875 0.0609375 0.0609375
0 0.40859375 0.3078125 0.0515625 0.1046875
0 0.17890625 0.18125 0.0671875 0.08125
0 0.2359375 0.13203125 0.096875 0.1078125
0 0.24921875 0.17890625 0.0671875 0.071875
0 0.1890625 0.090625 0.053125 0.08125
0 0.071875 0.15 0.059375 0.1078125
0 0.2515625 0.66484375 0.14375 0.3234375
0 0.8890625 0.265625 0.0828125 0.15