0 0.3578125 0.71328125 0.2984375 0.5734375
0 0.5375 0.721875 0.18125 0.55625
0 0.771875 0.75 0.2203125 0.5
0 0.9390625 0.853125 0.053125 0.1921875
0 0.10625 0.8359375 0.040625 0.140625
0 0.18984375 0.81953125 0.0375 0.1671875
0 0.1578125 0.80078125 0.025 0.078125
0 0.34453125 0.49375 0.3921875 0.453125
0 0.125 0.821875 0.03125 0.1546875
0 0.72890625 0.8125 0.046875 0.1015625
0 0.0421875 0.80078125 0.0203125 0.0609375
0 0.6890625 0.81015625 0.0359375 0.1109375
0 0.61328125 0.83828125 0.0765625 0.3234375