0 0.55078125 0.51875 0.7171875 0.8140625
0 0.8265625 0.77109375 0.065625 0.0765625
0 0.7390625 0.78125 0.0921875 0.1265625
0 0.6078125 0.83828125 0.0625 0.0921875
0 0.68203125 0.8390625 0.0921875 0.0875
0 0.77578125 0.83984375 0.1078125 0.08125
0 0.91171875 0.8328125 0.071875 0.0625
0 0.42421875 0.765625 0.05 0.078125
0 0.8265625 0.8453125 0.0828125 0.071875
0 0.040625 0.76484375 0.06875 0.1140625
0 0.15078125 0.8 0.1375 0.071875
0 0.434375 0.8171875 0.0921875 0.09375
0 0.3640625 0.8359375 0.11875 0.0875