0 0.5453125 0.325 0.16875 0.65
0 0.4515625 0.19765625 0.0625 0.3046875
0 0.27421875 0.328125 0.09375 0.4078125
0 0.22421875 0.371875 0.0421875 0.075
0 0.184375 0.3625 0.03125 0.1265625
0 0.11328125 0.35 0.0296875 0.0875
0 0.17421875 0.434375 0.0296875 0.0671875
0 0.9296875 0.30234375 0.0515625 0.2109375
0 0.0609375 0.39453125 0.046875 0.1609375
0 0.9625 0.29140625 0.04375 0.2265625
0 0.1359375 0.3625 0.0203125 0.1046875
0 0.1625 0.37890625 0.0328125 0.1375
0 0.87734375 0.31484375 0.0546875 0.1671875