0 0.61875 0.73984375 0.0171875 0.05
0 0.6328125 0.72265625 0.0203125 0.0578125
0 0.56796875 0.7453125 0.025 0.0453125
0 0.546875 0.74609375 0.01875 0.0484375
0 0.53203125 0.7421875 0.01875 0.05625
0 0.3828125 0.659375 0.03125 0.0484375
0 0.51015625 0.7453125 0.0171875 0.0453125
0 0.4671875 0.73203125 0.01875 0.0234375
0 0.86015625 0.74140625 0.01875 0.0359375
0 0.49609375 0.7296875 0.01875 0.028125
0 0.64140625 0.72578125 0.00625 0.0375
0 0.71875 0.7359375 0.0234375 0.0421875
0 0.82734375 0.73828125 0.0140625 0.0375