0 0.7234375 0.70234375 0.03125 0.128125
0 0.6 0.6765625 0.028125 0.1046875
0 0.33984375 0.66015625 0.021875 0.0890625
0 0.32109375 0.659375 0.01875 0.0859375
0 0.309375 0.6578125 0.0109375 0.0859375
0 0.29765625 0.66015625 0.0140625 0.0796875
0 0.2859375 0.6578125 0.015625 0.084375
0 0.14140625 0.6546875 0.0203125 0.0796875
0 0.275 0.64609375 0.015625 0.0703125
0 0.26328125 0.6109375 0.0140625 0.0484375
0 0.74609375 0.66015625 0.0109375 0.0578125
0 0.73203125 0.64296875 0.009375 0.0234375
0 0.25703125 0.5984375 0.0125 0.05625