0 0.6140625 0.59921875 0.184375 0.5390625
0 0.140625 0.40625 0.1046875 0.28125
0 0.21171875 0.32109375 0.075 0.278125
0 0.3625 0.23671875 0.065625 0.1640625
0 0.42890625 0.5140625 0.1046875 0.5546875
0 0.9328125 0.51484375 0.096875 0.578125
0 0.57265625 0.3375 0.0953125 0.2171875
0 0.45703125 0.32421875 0.025 0.11875
0 0.315625 0.39453125 0.0671875 0.3015625
0 0.3984375 0.22734375 0.0578125 0.1
0 0.4953125 0.3828125 0.071875 0.215625
0 0.6828125 0.49921875 0.1265625 0.5734375
0 0.36953125 0.5359375 0.1109375 0.515625