0 0.49765625 0.50625 0.55625 0.5875
0 0.39296875 0.25703125 0.078125 0.125
0 0.08359375 0.29921875 0.0890625 0.1609375
0 0.84140625 0.33359375 0.125 0.26875
0 0.18984375 0.34609375 0.140625 0.30625
0 0.95625 0.34296875 0.078125 0.1734375
0 0.91796875 0.21328125 0.0546875 0.0265625
0 0.94921875 0.20546875 0.0328125 0.0296875
0 0.25 0.21015625 0.0703125 0.0625
0 0.315625 0.25390625 0.0875 0.121875
0 0.715625 0.3734375 0.0890625 0.2046875
0 0.6 0.25859375 0.0796875 0.134375
0 0.0390625 0.3609375 0.075 0.33125