0 0.90390625 0.9125 0.00625 0.05
0 0.82578125 0.89375 0.009375 0.01875
0 0.77578125 0.89765625 0.009375 0.0171875
0 0.99453125 0.896875 0.0109375 0.0578125
0 0.97265625 0.89609375 0.0078125 0.0125
0 0.86640625 0.90078125 0.0125 0.01875
0 0.87578125 0.9 0.0078125 0.0171875
0 0.8546875 0.9 0.0109375 0.0140625
0 0.9109375 0.90390625 0.009375 0.025
0 0.6640625 0.88515625 0.0046875 0.0140625
0 0.9421875 0.92421875 0.0234375 0.1078125
0 0.96171875 0.89453125 0.00625 0.0203125
0 0.68828125 0.88671875 0.0046875 0.0171875