0 0.43828125 0.57421875 0.11875 0.2984375
0 0.31796875 0.559375 0.1203125 0.3375
0 0.73125 0.50625 0.1625 0.65
0 0.65234375 0.16875 0.0640625 0.0953125
0 0.83515625 0.15234375 0.121875 0.2015625
0 0.55625 0.15234375 0.09375 0.1421875
0 0.965625 0.209375 0.06875 0.1078125
0 0.646875 0.06640625 0.109375 0.1328125
0 0.74296875 0.06328125 0.0953125 0.1265625
0 0.7265625 0.16171875 0.0828125 0.0796875
0 0.93515625 0.59921875 0.1015625 0.225
0 0.1984375 0.484375 0.23046875 0.64296875
0 0.10078125 0.50546875 0.128125 0.60625