0 0.5421875 0.57265625 0.246875 0.6578125
0 0.340625 0.4921875 0.128125 0.3671875
0 0.46328125 0.1234375 0.1140625 0.246875
0 0.71015625 0.6875 0.2046875 0.4046875
0 0.8953125 0.62265625 0.209375 0.5671875
0 0.8734375 0.44140625 0.1296875 0.615625
0 0.17734375 0.521875 0.0859375 0.1984375
0 0.37421875 0.20859375 0.1015625 0.1078125
0 0.95625 0.2234375 0.0859375 0.1140625
0 0.0328125 0.115625 0.0640625 0.0796875
0 0.46015625 0.2140625 0.0859375 0.0984375
0 0.66015625 0.22109375 0.071875 0.1078125
0 0.05625 0.53828125 0.1125 0.2578125