0 0.13671875 0.5671875 0.134375 0.6015625
0 0.33203125 0.34140625 0.15625 0.1875
0 0.06640625 0.4109375 0.071875 0.3890625
0 0.17578125 0.31328125 0.0765625 0.1875
0 0.740625 0.35703125 0.0765625 0.125
0 0.79609375 0.3421875 0.0546875 0.128125
0 0.83203125 0.46484375 0.0984375 0.3921875
0 0.965625 0.4453125 0.065625 0.3390625
0 0.25078125 0.36171875 0.096875 0.1328125
0 0.54140625 0.49921875 0.1453125 0.534375
0 0.68359375 0.3421875 0.0578125 0.1421875
0 0.96875 0.59375 0.0625 0.4171875
0 0.7296875 0.328125 0.0375 0.1109375