0 0.509375 0.56015625 0.5640625 0.8703125
0 0.85234375 0.41875 0.190625 0.2859375
0 0.82890625 0.74296875 0.3421875 0.3515625
0 0.146875 0.6828125 0.29375 0.2703125
0 0.325 0.63203125 0.1625 0.221875
0 0.1796875 0.51875 0.1203125 0.1640625
0 0.8640625 0.83984375 0.271875 0.3203125
0 0.06484375 0.5671875 0.1265625 0.1828125
0 0.25625 0.34375 0.0828125 0.1171875
0 0.2921875 0.5375 0.2375 0.1046875
0 0.8296875 0.60859375 0.13125 0.1390625
0 0.65625 0.30625 0.084375 0.0921875
0 0.70546875 0.3453125 0.059375 0.1109375