0 0.259375 0.66171875 0.1359375 0.2734375
0 0.38359375 0.68359375 0.1703125 0.1875
0 0.5453125 0.62578125 0.1703125 0.29375
0 0.35390625 0.15390625 0.0359375 0.0671875
0 0.42265625 0.44140625 0.071875 0.0921875
0 0.59609375 0.18515625 0.03125 0.05625
0 0.76640625 0.14375 0.0671875 0.1125
0 0.87578125 0.18828125 0.05 0.1640625
0 0.428125 0.05859375 0.0578125 0.0859375
0 0.76015625 0.51640625 0.0578125 0.075
0 0.6578125 0.19140625 0.0515625 0.0875
0 0.728125 0.18671875 0.0734375 0.08125
0 0.4734375 0.06953125 0.0515625 0.09375