0 0.4921875 0.53125 0.1359375 0.340625
0 0.6359375 0.5265625 0.1046875 0.3140625
0 0.9203125 0.5625 0.03125 0.1015625
0 0.17734375 0.57578125 0.0984375 0.278125
0 0.790625 0.565625 0.015625 0.1046875
0 0.05703125 0.57578125 0.03125 0.15
0 0.3203125 0.525 0.14375 0.2453125
0 0.8421875 0.559375 0.0640625 0.1734375
0 0.596875 0.54296875 0.015625 0.075
0 0.89375 0.55234375 0.0234375 0.053125
0 0.03671875 0.58671875 0.0359375 0.1375
0 0.38671875 0.55703125 0.0765625 0.25625
0 0.76484375 0.55703125 0.021875 0.0921875