0 0.6390625 0.58125 0.20625 0.7578125
0 0.7515625 0.47421875 0.115625 0.5796875
0 0.50078125 0.30390625 0.0859375 0.18125
0 0.55703125 0.30390625 0.0421875 0.18125
0 0.315625 0.30390625 0.0546875 0.221875
0 0.36796875 0.303125 0.046875 0.1984375
0 0.22734375 0.33515625 0.065625 0.2671875
0 0.16640625 0.346875 0.090625 0.2328125
0 0.83828125 0.27890625 0.0453125 0.134375
0 0.06875 0.37890625 0.1375 0.4265625
0 0.9125 0.28984375 0.028125 0.10625
0 0.93984375 0.28984375 0.028125 0.1421875
0 0.86328125 0.2890625 0.0359375 0.1421875