0 0.00078125 0.0015625 0.0015625 0.0015625
0 0.38125 0.434375 0.2234375 0.684375
0 0.64375 0.22578125 0.2359375 0.4515625
0 0.28046875 0.20078125 0.0609375 0.2078125
0 0.43203125 0.1328125 0.0046875 0.0765625
0 0.74375 0.2421875 0.1 0.203125
0 0.56953125 0.3703125 0.1203125 0.6046875
0 0.771875 0.13671875 0.0390625 0.0765625
0 0.6890625 0.1296875 0.028125 0.05625
0 0.7578125 0.10078125 0.0296875 0.084375
0 0.4453125 0.33203125 0.1015625 0.371875
0 0.20859375 0.34375 0.4171875 0.175
0 0.65390625 0.10625 0.046875 0.0484375