0 0.59375 0.43046875 0.1171875 0.0953125
0 0.68125 0.4296875 0.1078125 0.1046875
0 0.90078125 0.44296875 0.0875 0.09375
0 0.43671875 0.42734375 0.0984375 0.109375
0 0.74609375 0.159375 0.0796875 0.1109375
0 0.571875 0.22890625 0.06875 0.1046875
0 0.3421875 0.17578125 0.1 0.11875
0 0.77109375 0.684375 0.2296875 0.425
0 0.046875 0.378125 0.09375 0.165625
0 0.246875 0.43984375 0.1015625 0.065625
0 0.67421875 0.15078125 0.071875 0.084375
0 0.659375 0.275 0.15625 0.078125
0 0.9671875 0.44140625 0.065625 0.103125