0 0.67109375 0.33046875 0.1859375 0.2953125
0 0.434375 0.39375 0.021875 0.0328125
0 0.05390625 0.346875 0.1078125 0.4546875
0 0.70703125 0.55625 0.0796875 0.3515625
0 0.2796875 0.35859375 0.13125 0.5015625
0 0.95859375 0.51953125 0.0546875 0.3484375
0 0.75 0.50859375 0.065625 0.2859375
0 0.221875 0.58515625 0.1375 0.3484375
0 0.5703125 0.5125 0.1078125 0.2875
0 0.91328125 0.56171875 0.109375 0.4140625
0 0.84375 0.53828125 0.0671875 0.2921875
0 0.16875 0.45625 0.0046875 0.1609375
0 0.7859375 0.47890625 0.0453125 0.2171875