0 0.54609375 0.75390625 0.134375 0.1765625
0 0.47265625 0.70390625 0.1 0.1609375
0 0.42734375 0.43359375 0.05 0.0703125
0 0.7390625 0.0296875 0.1578125 0.059375
0 0.70234375 0.43828125 0.0875 0.103125
0 0.65390625 0.2875 0.0296875 0.0296875
0 0.63515625 0.16015625 0.0453125 0.040625
0 0.33515625 0.42109375 0.09375 0.15625
0 0.31796875 0.590625 0.071875 0.10625
0 0.590625 0.72265625 0.1359375 0.171875
0 0.740625 0.259375 0.040625 0.05
0 0.46015625 0.4171875 0.0578125 0.0703125
0 0.11875 0.0328125 0.1 0.065625