0 0.2828125 0.62265625 0.1203125 0.3515625
0 0.38203125 0.440625 0.078125 0.15
0 0.44921875 0.29921875 0.021875 0.0578125
0 0.54609375 0.29765625 0.0328125 0.0671875
0 0.6796875 0.33359375 0.0453125 0.1171875
0 0.71640625 0.30703125 0.0296875 0.0625
0 0.8609375 0.28359375 0.046875 0.1515625
0 0.83125 0.2921875 0.0484375 0.0984375
0 0.5671875 0.64296875 0.153125 0.3765625
0 0.4609375 0.28125 0.0421875 0.096875
0 0.57421875 0.27734375 0.034375 0.0875
0 0.2328125 0.359375 0.0765625 0.1984375
0 0.634375 0.2796875 0.028125 0.090625