0 0.06328125 0.72109375 0.028125 0.09375
0 0.29921875 0.7640625 0.05625 0.253125
0 0.43828125 0.6921875 0.015625 0.0640625
0 0.35234375 0.6890625 0.015625 0.053125
0 0.6390625 0.68515625 0.009375 0.0453125
0 0.4078125 0.68828125 0.0078125 0.0265625
0 0.93515625 0.66953125 0.0140625 0.059375
0 0.51015625 0.70234375 0.021875 0.0265625
0 0.05 0.6828125 0.0125 0.0421875
0 0.37109375 0.69296875 0.0140625 0.06875
0 0.32109375 0.68828125 0.0203125 0.0671875
0 0.59375 0.6703125 0.009375 0.034375
0 0.57890625 0.675 0.00625 0.040625