0 0.54375 0.74375 0.0296875 0.115625
0 0.58046875 0.7390625 0.021875 0.1296875
0 0.6578125 0.740625 0.0359375 0.0515625
0 0.859375 0.72734375 0.0765625 0.265625
0 0.715625 0.71015625 0.025 0.03125
0 0.96796875 0.63125 0.0125 0.0734375
0 0.64765625 0.61875 0.0328125 0.0328125
0 0.67109375 0.6171875 0.0125 0.028125
0 0.290625 0.58125 0.0125 0.0375
0 0.3265625 0.58671875 0.0140625 0.03125
0 0.5671875 0.740625 0.0234375 0.125
0 0.5765625 0.57890625 0.0140625 0.03125
0 0.76015625 0.7125 0.01875 0.0234375