0 0.0828125 0.65546875 0.165625 0.553125
0 0.77421875 0.10625 0.090625 0.1109375
0 0.23203125 0.1828125 0.0859375 0.1359375
0 0.64609375 0.1109375 0.0578125 0.1265625
0 0.39296875 0.12109375 0.090625 0.1921875
0 0.3265625 0.12890625 0.096875 0.209375
0 0.703125 0.10859375 0.059375 0.134375
0 0.5046875 0.13515625 0.0734375 0.1234375
0 0.24765625 0.13984375 0.078125 0.2
0 0.16953125 0.178125 0.046875 0.1515625
0 0.4984375 0.571875 0.2859375 0.5703125
0 0.12265625 0.196875 0.08125 0.1234375
0 0.04296875 0.19609375 0.0859375 0.16875