0 0.071875 0.4671875 0.14375 0.340625
0 0.63515625 0.5875 0.084375 0.2125
0 0.759375 0.43359375 0.1 0.159375
0 0.27578125 0.4578125 0.0578125 0.303125
0 0.3546875 0.4390625 0.05625 0.1984375
0 0.87734375 0.43828125 0.0546875 0.1875
0 0.21953125 0.50546875 0.090625 0.36875
0 0.3890625 0.540625 0.0796875 0.2390625
0 0.54921875 0.5 0.0921875 0.284375
0 0.79453125 0.39375 0.0609375 0.1375
0 0.29765625 0.44296875 0.0390625 0.240625
0 0.76953125 0.55703125 0.0984375 0.178125
0 0.97421875 0.38671875 0.0359375 0.13125