0 0.853125 0.49140625 0.29375 0.9828125
0 0.68515625 0.240625 0.078125 0.25
0 0.05390625 0.29921875 0.0625 0.09375
0 0.95 0.50078125 0.05 0.19375
0 0.74140625 0.26484375 0.075 0.20625
0 0.1578125 0.26953125 0.03125 0.0609375
0 0.60078125 0.23671875 0.0828125 0.125
0 0.5296875 0.21015625 0.109375 0.1875
0 0.18359375 0.29453125 0.0203125 0.0375
0 0.9375 0.46640625 0.0734375 0.1953125
0 0.8953125 0.41484375 0.053125 0.0828125
0 0.8640625 0.27734375 0.03125 0.0421875
0 0.46171875 0.22109375 0.0796875 0.0625