0 0.16953125 0.4375 0.0609375 0.3265625
0 0.20078125 0.4109375 0.01875 0.1171875
0 0.415625 0.3875 0.0109375 0.084375
0 0.58046875 0.4109375 0.01875 0.1375
0 0.3546875 0.40703125 0.0140625 0.06875
0 0.45625 0.44296875 0.025 0.246875
0 0.503125 0.3875 0.0171875 0.103125
0 0.55 0.4046875 0.01875 0.125
0 0.53046875 0.4046875 0.0125 0.121875
0 0.184375 0.40859375 0.009375 0.090625
0 0.83203125 0.4140625 0.01875 0.1109375
0 0.31875 0.39765625 0.015625 0.0953125
0 0.51015625 0.40078125 0.015625 0.1140625