0 0.8984375 0.6921875 0.1328125 0.1421875
0 0.64375 0.50078125 0.49375 0.321875
0 0.36640625 0.69921875 0.1890625 0.159375
0 0.24921875 0.61953125 0.1265625 0.1234375
0 0.084375 0.578125 0.16875 0.1921875
0 0.2984375 0.575 0.1609375 0.209375
0 0.23984375 0.38828125 0.1453125 0.1734375
0 0.75390625 0.69765625 0.128125 0.11875
0 0.2328125 0.69375 0.178125 0.1609375
0 0.075 0.69140625 0.1359375 0.1703125
0 0.06796875 0.434375 0.1359375 0.1765625
0 0.621875 0.30625 0.15 0.178125
0 0.709375 0.59765625 0.1078125 0.184375