0 0.14609375 0.51953125 0.071875 0.0703125
0 0.73984375 0.3140625 0.046875 0.053125
0 0.59453125 0.36328125 0.025 0.04375
0 0.70703125 0.5640625 0.0296875 0.0390625
0 0.8015625 0.59140625 0.034375 0.0984375
0 0.77890625 0.60859375 0.015625 0.0390625
0 0.85078125 0.328125 0.05625 0.0625
0 0.80625 0.328125 0.0421875 0.0484375
0 0.5453125 0.37109375 0.03125 0.065625
0 0.090625 0.39140625 0.0203125 0.05625
0 0.50859375 0.38046875 0.0109375 0.028125
0 0.565625 0.375 0.025 0.04375
0 0.96015625 0.60703125 0.0234375 0.090625