0 0.6171875 0.52734375 0.171875 0.5375
0 0.4171875 0.19140625 0.0171875 0.05625
0 0.8640625 0.221875 0.0234375 0.0984375
0 0.88515625 0.23359375 0.0203125 0.1015625
0 0.17265625 0.178125 0.015625 0.025
0 0.0265625 0.18515625 0.0125 0.0234375
0 0.35234375 0.19765625 0.015625 0.0625
0 0.340625 0.20546875 0.0109375 0.0453125
0 0.428125 0.190625 0.0125 0.0546875
0 0.4078125 0.18203125 0.0125 0.0625
0 0.23125 0.19921875 0.0140625 0.0671875
0 0.26171875 0.196875 0.01875 0.0734375
0 0.70625 0.578125 0.3046875 0.81875