0 0.86640625 0.59609375 0.028125 0.103125
0 0.78828125 0.60390625 0.01875 0.0796875
0 0.846875 0.5765625 0.015625 0.0359375
0 0.5765625 0.58125 0.0109375 0.021875
0 0.828125 0.60703125 0.01875 0.0734375
0 0.753125 0.60625 0.0203125 0.065625
0 0.73671875 0.5796875 0.0109375 0.028125
0 0.72578125 0.57734375 0.0234375 0.03125
0 0.7 0.61796875 0.0125 0.0359375
0 0.62421875 0.57734375 0.0078125 0.01875
0 0.940625 0.5625 0.0125 0.028125
0 0.96015625 0.5671875 0.0171875 0.0328125
0 0.65859375 0.57890625 0.009375 0.0265625