0 0.58046875 0.7375 0.196875 0.4234375
0 0.39296875 0.72109375 0.203125 0.4015625
0 0.3546875 0.51484375 0.1046875 0.359375
0 0.44140625 0.3015625 0.128125 0.390625
0 0.615625 0.50546875 0.1671875 0.3765625
0 0.71171875 0.3 0.1546875 0.4140625
0 0.165625 0.75078125 0.23125 0.3671875
0 0.85546875 0.278125 0.1390625 0.3625
0 0.22265625 0.5375 0.1328125 0.4109375
0 0.49140625 0.55625 0.13125 0.5
0 0.7734375 0.0890625 0.1578125 0.178125
0 0.9140625 0.4765625 0.1046875 0.3109375
0 0.08671875 0.5875 0.1546875 0.5046875