0 0.22109375 0.50625 0.128125 0.1875
0 0.6359375 0.45390625 0.0609375 0.05625
0 0.6015625 0.43828125 0.021875 0.0390625
0 0.56640625 0.43828125 0.0328125 0.0390625
0 0.55859375 0.43984375 0.0140625 0.0328125
0 0.3359375 0.42734375 0.0140625 0.021875
0 0.1109375 0.43828125 0.0421875 0.0578125
0 0.15859375 0.43984375 0.0421875 0.0671875
0 0.6265625 0.428125 0.021875 0.021875
0 0.521875 0.43671875 0.021875 0.040625
0 0.67890625 0.4359375 0.03125 0.0328125
0 0.72109375 0.4046875 0.028125 0.04375
0 0.75 0.4453125 0.0390625 0.03125