0 0.7234375 0.3453125 0.096875 0.1328125
0 0.0625 0.228125 0.05 0.1140625
0 0.10234375 0.1546875 0.0859375 0.19375
0 0.19140625 0.31875 0.075 0.071875
0 0.31640625 0.1578125 0.0765625 0.2109375
0 0.25234375 0.57578125 0.3140625 0.803125
0 0.57265625 0.5265625 0.0984375 0.503125
0 0.5375 0.25390625 0.065625 0.16875
0 0.59453125 0.2375 0.0546875 0.0984375
0 0.0953125 0.31953125 0.053125 0.075
0 0.6703125 0.2609375 0.0578125 0.1515625
0 0.19375 0.23671875 0.0859375 0.2015625
0 0.09921875 0.27421875 0.1109375 0.165625