0 0.06015625 0.88125 0.03125 0.1078125
0 0.08515625 0.82734375 0.0234375 0.0734375
0 0.0359375 0.84375 0.0171875 0.0765625
0 0.02421875 0.846875 0.021875 0.06875
0 0.01015625 0.834375 0.01875 0.0484375
0 0.0515625 0.82421875 0.0203125 0.06875
0 0.0140625 0.88359375 0.0234375 0.0625
0 0.0828125 0.78359375 0.015625 0.0375
0 0.05703125 0.76953125 0.0171875 0.05625
0 0.01953125 0.815625 0.0171875 0.025
0 0.05859375 0.696875 0.0125 0.0390625
0 0.07109375 0.684375 0.009375 0.0328125
0 0.06796875 0.79453125 0.01875 0.06875