0 0.5953125 0.76640625 0.140625 0.4640625
0 0.75546875 0.75234375 0.1046875 0.35625
0 0.4171875 0.85625 0.2 0.2875
0 0.29375 0.84609375 0.0609375 0.3078125
0 0.32890625 0.88125 0.0828125 0.2296875
0 0.25703125 0.89375 0.0671875 0.2125
0 0.19765625 0.8703125 0.0671875 0.259375
0 0.89921875 0.8890625 0.103125 0.2046875
0 0.50234375 0.8546875 0.0390625 0.109375
0 0.09453125 0.85703125 0.175 0.2625
0 0.33046875 0.76796875 0.025 0.0234375
0 0.94765625 0.8953125 0.1046875 0.2046875
0 0.028125 0.8703125 0.05625 0.2296875