0 0.1859375 0.80078125 0.365625 0.3984375
0 0.37578125 0.8171875 0.24375 0.365625
0 0.78203125 0.75390625 0.1546875 0.2875
0 0.540625 0.6515625 0.0578125 0.0640625
0 0.2515625 0.6734375 0.10625 0.165625
0 0.50546875 0.71953125 0.0953125 0.25625
0 0.46484375 0.71015625 0.1203125 0.2203125
0 0.88203125 0.73828125 0.0859375 0.2578125
0 0.609375 0.7578125 0.15625 0.2859375
0 0.96484375 0.77109375 0.0703125 0.2734375
0 0.70546875 0.73515625 0.0859375 0.2625
0 0.05234375 0.6703125 0.09375 0.14375
0 0.05234375 0.77734375 0.1046875 0.1453125