0 0.04296875 0.63828125 0.05 0.128125
0 0.08671875 0.640625 0.0046875 0.1234375
0 0.5203125 0.43828125 0.1734375 0.45
0 0.6609375 0.57109375 0.0546875 0.15625
0 0.775 0.57109375 0.0546875 0.221875
0 0.1875 0.61953125 0.03125 0.0984375
0 0.721875 0.603125 0.0765625 0.3296875
0 0.4546875 0.6171875 0.0453125 0.165625
0 0.20546875 0.72578125 0.0625 0.1046875
0 0.14453125 0.671875 0.05625 0.1234375
0 0.903125 0.4546875 0.0875 0.175
0 0.953125 0.5984375 0.090625 0.69375
0 0.265625 0.6265625 0.03125 0.071875