0 0.5765625 0.44453125 0.1875 0.5265625
0 0.6109375 0.52890625 0.096875 0.5953125
0 0.76796875 0.54765625 0.1546875 0.6203125
0 0.81015625 0.42109375 0.046875 0.2640625
0 0.95234375 0.52578125 0.0921875 0.5296875
0 0.69140625 0.39296875 0.0125 0.103125
0 0.33046875 0.35703125 0.015625 0.0953125
0 0.3453125 0.3625 0.0171875 0.1140625
0 0.3859375 0.415625 0.1875 0.328125
0 0.4671875 0.3765625 0.0140625 0.0578125
0 0.703125 0.55703125 0.0625 0.403125
0 0.84140625 0.41015625 0.01875 0.0984375
0 0.1234375 0.36796875 0.1453125 0.4703125