0 0.26328125 0.6921875 0.084375 0.203125
0 0.56328125 0.78671875 0.1 0.4
0 0.78515625 0.76328125 0.0953125 0.4421875
0 0.359375 0.66640625 0.0734375 0.203125
0 0.45390625 0.69921875 0.0546875 0.2453125
0 0.68203125 0.78828125 0.0734375 0.4234375
0 0.634375 0.73046875 0.0421875 0.2578125
0 0.86796875 0.71796875 0.0828125 0.24375
0 0.07421875 0.65234375 0.115625 0.1890625
0 0.51875 0.6625 0.0328125 0.0796875
0 0.61953125 0.66640625 0.0265625 0.128125
0 0.17890625 0.78828125 0.18125 0.4
0 0.946875 0.79765625 0.0890625 0.4046875