0 0.671875 0.90390625 0.0796875 0.134375
0 0.14140625 0.86171875 0.03125 0.028125
0 0.42265625 0.87578125 0.0421875 0.0859375
0 0.7765625 0.87734375 0.05 0.0765625
0 0.0515625 0.8453125 0.0140625 0.0109375
0 0.9328125 0.8734375 0.021875 0.0421875
0 0.31640625 0.85234375 0.0171875 0.021875
0 0.8859375 0.85859375 0.0234375 0.0171875
0 0.8421875 0.8625 0.021875 0.03125
0 0.28828125 0.86015625 0.0359375 0.0296875
0 0.46328125 0.85390625 0.0234375 0.0234375
0 0.36953125 0.85 0.0171875 0.0234375
0 0.96484375 0.8828125 0.06875 0.09375