0 0.5796875 0.540625 0.284375 0.7546875
0 0.209375 0.65078125 0.28125 0.515625
0 0.88359375 0.6140625 0.1859375 0.39375
0 0.78515625 0.65390625 0.1046875 0.3328125
0 0.37109375 0.70859375 0.1046875 0.2265625
0 0.12578125 0.45 0.14375 0.7734375
0 0.31171875 0.33984375 0.1421875 0.25
0 0.2703125 0.1546875 0.13125 0.2609375
0 0.3921875 0.17734375 0.125 0.1734375
0 0.5015625 0.19453125 0.0921875 0.15625
0 0.97421875 0.215625 0.0515625 0.103125
0 0.03828125 0.540625 0.075 0.7046875
0 0.471875 0.11640625 0.090625 0.2078125