0 0.45546875 0.6828125 0.7515625 0.3953125
0 0.05078125 0.27578125 0.1015625 0.071875
0 0.62265625 0.3703125 0.1171875 0.184375
0 0.875 0.37265625 0.1171875 0.16875
0 0.07109375 0.353125 0.1421875 0.1671875
0 0.16640625 0.34296875 0.1296875 0.20625
0 0.75078125 0.3609375 0.1390625 0.1859375
0 0.08203125 0.49296875 0.1265625 0.1328125
0 0.24296875 0.50546875 0.184375 0.1046875
0 0.30390625 0.42109375 0.109375 0.103125
0 0.30625 0.35 0.0546875 0.078125
0 0.24453125 0.37265625 0.1015625 0.1109375
0 0.30546875 0.31015625 0.0671875 0.1109375
0 0.5796875 0.2921875 0.05 0.059375