0 0.5 0.6296875 0.121875 0.271875
0 0.984375 0.3640625 0.03125 0.0609375
0 0.946875 0.303125 0.0265625 0.05625
0 0.50859375 0.4453125 0.05 0.084375
0 0.90390625 0.2984375 0.0359375 0.0515625
0 0.896875 0.2703125 0.021875 0.0484375
0 0.8765625 0.29375 0.0390625 0.0609375
0 0.85 0.41796875 0.046875 0.090625
0 0.803125 0.35234375 0.0421875 0.084375
0 0.709375 0.309375 0.0359375 0.09375
0 0.853125 0.34765625 0.034375 0.0703125
0 0.83203125 0.37578125 0.0265625 0.0515625
0 0.65859375 0.34296875 0.0359375 0.071875