0 0.91015625 0.759375 0.159375 0.4640625
0 0.26796875 0.7 0.015625 0.04375
0 0.29375 0.7109375 0.015625 0.0390625
0 0.27890625 0.6546875 0.015625 0.028125
0 0.2921875 0.65078125 0.0125 0.0296875
0 0.08203125 0.6203125 0.00625 0.0109375
0 0.38828125 0.68359375 0.0140625 0.0390625
0 0.60703125 0.57734375 0.021875 0.0578125
0 0.3671875 0.61328125 0.0109375 0.0609375
0 0.34296875 0.60625 0.0140625 0.0640625
0 0.31015625 0.70859375 0.015625 0.0421875
0 0.4015625 0.68125 0.015625 0.04375
0 0.090625 0.6171875 0.00625 0.0140625