0 0.70859375 0.75703125 0.065625 0.1578125
0 0.415625 0.78046875 0.0859375 0.0984375
0 0.4046875 0.690625 0.0421875 0.0328125
0 0.4609375 0.69765625 0.053125 0.0609375
0 0.2296875 0.7125 0.0734375 0.13125
0 0.103125 0.69921875 0.0328125 0.0921875
0 0.1359375 0.6875 0.040625 0.0640625
0 0.03984375 0.803125 0.078125 0.1625
0 0.03671875 0.70859375 0.040625 0.06875
0 0.37578125 0.69140625 0.0203125 0.0796875
0 0.43046875 0.68984375 0.015625 0.0328125
0 0.4203125 0.68515625 0.0125 0.01875
0 0.0609375 0.69921875 0.028125 0.05