0 0.57578125 0.38515625 0.0765625 0.15625
0 0.77421875 0.38671875 0.05625 0.1
0 0.91953125 0.38984375 0.025 0.08125
0 0.33984375 0.38203125 0.0203125 0.0390625
0 0.26953125 0.37890625 0.0203125 0.040625
0 0.3109375 0.375 0.0328125 0.059375
0 0.85859375 0.39296875 0.0234375 0.04375
0 0.90390625 0.39296875 0.0140625 0.0453125
0 0.95078125 0.3953125 0.0203125 0.040625
0 0.2875 0.378125 0.0203125 0.04375
0 0.69765625 0.378125 0.0046875 0.00625
0 0.06171875 0.37265625 0.0234375 0.04375
0 0.08671875 0.37265625 0.0234375 0.0390625