0 0.8765625 0.934375 0.04375 0.13125
0 0.5375 0.88828125 0.1765625 0.2234375
0 0.13046875 0.88046875 0.1453125 0.2390625
0 0.29375 0.87890625 0.1734375 0.2421875
0 0.3796875 0.88671875 0.05 0.225
0 0.45546875 0.928125 0.0421875 0.1375
0 0.42578125 0.93046875 0.025 0.09375
0 0.6703125 0.90859375 0.05625 0.075
0 0.2171875 0.86171875 0.0359375 0.1125
0 0.88671875 0.85078125 0.03125 0.0640625
0 0.61015625 0.87734375 0.040625 0.1328125
0 0.76015625 0.91015625 0.040625 0.06875
0 0.65625 0.84765625 0.034375 0.1015625