0 0.0453125 0.684375 0.0578125 0.0703125
0 0.09375 0.68515625 0.0625 0.053125
0 0.82109375 0.684375 0.025 0.040625
0 0.7578125 0.64765625 0.01875 0.015625
0 0.840625 0.675 0.028125 0.0609375
0 0.91328125 0.6921875 0.0203125 0.0265625
0 0.8921875 0.69453125 0.0328125 0.03125
0 0.7703125 0.646875 0.0109375 0.0171875
0 0.69765625 0.67109375 0.0421875 0.0640625
0 0.7421875 0.65 0.0203125 0.03125
0 0.790625 0.65 0.0140625 0.0140625
0 0.61484375 0.67734375 0.0328125 0.053125
0 0.4359375 0.6984375 0.090625 0.090625