0 0.39296875 0.54765625 0.125 0.15625
0 0.5953125 0.446875 0.021875 0.0515625
0 0.63671875 0.4390625 0.040625 0.0390625
0 0.63828125 0.4109375 0.0171875 0.034375
0 0.625 0.409375 0.0171875 0.025
0 0.69453125 0.40703125 0.021875 0.0328125
0 0.6296875 0.4453125 0.009375 0.0234375
0 0.8328125 0.38515625 0.021875 0.03125
0 0.8734375 0.39765625 0.0265625 0.040625
0 0.571875 0.43984375 0.0171875 0.053125
0 0.6109375 0.4390625 0.0265625 0.04375
0 0.60234375 0.40625 0.0234375 0.028125
0 0.65234375 0.4109375 0.01875 0.040625