0 0.23359375 0.49296875 0.253125 0.7125
0 0.69765625 0.396875 0.075 0.359375
0 0.78203125 0.37265625 0.0765625 0.3859375
0 0.8703125 0.4640625 0.2578125 0.6671875
0 0.728125 0.1765625 0.03125 0.19375
0 0.94609375 0.1390625 0.034375 0.1046875
0 0.38828125 0.1890625 0.040625 0.1796875
0 0.765625 0.1421875 0.03125 0.115625
0 0.578125 0.18359375 0.06875 0.1984375
0 0.528125 0.19140625 0.0328125 0.171875
0 0.875 0.05390625 0.0296875 0.0859375
0 0.4296875 0.1578125 0.034375 0.1796875
0 0.47109375 0.3015625 0.046875 0.2125