0 0.59765625 0.58671875 0.246875 0.2046875
0 0.846875 0.515625 0.2375 0.3515625
0 0.14453125 0.6890625 0.23125 0.2234375
0 0.91875 0.340625 0.1140625 0.1078125
0 0.165625 0.3359375 0.140625 0.1203125
0 0.70390625 0.89375 0.375 0.184375
0 0.509375 0.43671875 0.171875 0.11875
0 0.9234375 0.684375 0.153125 0.3046875
0 0.2984375 0.303125 0.096875 0.0625
0 0.39765625 0.38984375 0.1828125 0.1796875
0 0.60078125 0.3171875 0.1109375 0.1578125
0 0.25078125 0.44921875 0.24609375 0.2203125
0 0.73046875 0.35390625 0.125 0.125