0 0.234375 0.63984375 0.23125 0.6078125
0 0.490625 0.63828125 0.1984375 0.6171875
0 0.8140625 0.659375 0.265625 0.5484375
0 0.66015625 0.409375 0.0078125 0.0234375
0 0.6859375 0.421875 0.00625 0.01875
0 0.68671875 0.45078125 0.00625 0.0203125
0 0.675 0.446875 0.00625 0.025
0 0.68046875 0.45078125 0.00625 0.01875
0 0.1453125 0.39765625 0.003125 0.0140625
0 0.1375 0.39765625 0.0046875 0.0140625
0 0.6828125 0.45703125 0.003125 0.0046875
0 0.7125 0.421875 0.0046875 0.0125
0 0.7296875 0.446875 0.0078125 0.0203125