0 0.6578125 0.66484375 0.184375 0.65
0 0.37265625 0.44453125 0.0640625 0.1796875
0 0.2953125 0.43984375 0.065625 0.1984375
0 0.04765625 0.35 0.0953125 0.3453125
0 0.3109375 0.3625 0.0734375 0.3125
0 0.61953125 0.271875 0.05625 0.1859375
0 0.84609375 0.23515625 0.0421875 0.1625
0 0.90859375 0.17734375 0.025 0.1203125
0 0.86875 0.5 0.0703125 0.3515625
0 0.29375 0.21484375 0.0703125 0.1953125
0 0.14296875 0.434375 0.084375 0.225
0 0.23671875 0.40859375 0.0734375 0.23125
0 0.43515625 0.45 0.059375 0.1515625