0 0.86875 0.55703125 0.1921875 0.503125
0 0.74140625 0.44375 0.0953125 0.1265625
0 0.640625 0.4296875 0.0765625 0.0859375
0 0.73125 0.33984375 0.0375 0.075
0 0.98515625 0.4234375 0.0296875 0.146875
0 0.95390625 0.37421875 0.0921875 0.2125
0 0.51640625 0.52890625 0.1828125 0.209375
0 0.79375 0.40234375 0.0578125 0.053125
0 0.58671875 0.32109375 0.0265625 0.0375
0 0.1875 0.77265625 0.375 0.4125
0 0.61171875 0.46015625 0.1046875 0.1375
0 0.5875 0.4734375 0.1078125 0.109375
0 0.65625 0.40546875 0.0453125 0.059375