0 0.83671875 0.7828125 0.1046875 0.1328125
0 0.64453125 0.76640625 0.0515625 0.0875
0 0.44296875 0.77578125 0.0546875 0.1296875
0 0.95703125 0.79296875 0.0640625 0.140625
0 0.90546875 0.7765625 0.0453125 0.1015625
0 0.184375 0.778125 0.05 0.10625
0 0.046875 0.7828125 0.05 0.115625
0 0.25546875 0.8078125 0.0375 0.0546875
0 0.71484375 0.7890625 0.0421875 0.05
0 0.75234375 0.77421875 0.05625 0.0375
0 0.0875 0.76796875 0.0625 0.1390625
0 0.02109375 0.78046875 0.0421875 0.1296875
0 0.61796875 0.78828125 0.0328125 0.0578125