0 0.11015625 0.54375 0.021875 0.0328125
0 0.2421875 0.56640625 0.0796875 0.3078125
0 0.36171875 0.54453125 0.10625 0.4078125
0 0.82265625 0.571875 0.2140625 0.4765625
0 0.28046875 0.559375 0.0625 0.3140625
0 0.76015625 0.5640625 0.06875 0.2984375
0 0.18828125 0.59296875 0.0265625 0.0828125
0 0.51015625 0.5953125 0.1984375 0.534375
0 0.0671875 0.56640625 0.0890625 0.2703125
0 0.46796875 0.6203125 0.171875 0.3984375
0 0.42109375 0.4703125 0.0296875 0.1328125
0 0.26015625 0.37265625 0.0265625 0.0796875