0 0.01328125 0.7796875 0.0265625 0.1453125
0 0.04140625 0.7859375 0.0359375 0.1453125
0 0.0859375 0.7796875 0.021875 0.11875
0 0.12890625 0.75546875 0.0328125 0.1265625
0 0.21640625 0.7515625 0.01875 0.1
0 0.38125 0.790625 0.0421875 0.1640625
0 0.409375 0.76328125 0.0375 0.1234375
0 0.446875 0.7515625 0.0171875 0.09375
0 0.15625 0.77265625 0.0375 0.15
0 0.05859375 0.75625 0.0296875 0.1078125
0 0.33828125 0.7625 0.0109375 0.065625
0 0.19296875 0.7953125 0.0375 0.1640625
0 0.73984375 0.76484375 0.034375 0.1375