0 0.825 0.61171875 0.2421875 0.6484375
0 0.38125 0.51640625 0.253125 0.884375
0 0.778125 0.2203125 0.1015625 0.2328125
0 0.50390625 0.246875 0.096875 0.2609375
0 0.68125 0.28671875 0.0953125 0.3140625
0 0.22890625 0.50859375 0.25 0.8921875
0 0.57421875 0.39765625 0.109375 0.25
0 0.8296875 0.6515625 0.2984375 0.1375
0 0.15 0.1515625 0.115625 0.2859375
0 0.88984375 0.3109375 0.103125 0.1875
0 0.59921875 0.22265625 0.1109375 0.2859375
0 0.49140625 0.60625 0.1203125 0.4640625
0 0.6921875 0.4421875 0.075 0.184375