0 0.8109375 0.928125 0.009375 0.05
0 0.790625 0.9140625 0.0078125 0.03125
0 0.71015625 0.93203125 0.0109375 0.046875
0 0.9671875 0.9296875 0.009375 0.0421875
0 0.98671875 0.928125 0.0109375 0.04375
0 0.41015625 0.9109375 0.00625 0.028125
0 0.9328125 0.93046875 0.0140625 0.0390625
0 0.4203125 0.91796875 0.0046875 0.01875
0 0.81640625 0.9203125 0.00625 0.0234375
0 0.3796875 0.9140625 0.00625 0.028125
0 0.49296875 0.9125 0.0125 0.0234375
0 0.0640625 0.8953125 0.00625 0.01875
0 0.9265625 0.91875 0.00625 0.0359375