0 0.47265625 0.50390625 0.671875 0.590625
0 0.15859375 0.47578125 0.3171875 0.5578125
0 0.9328125 0.26875 0.134375 0.1578125
0 0.92265625 0.16015625 0.1015625 0.075
0 0.67734375 0.17265625 0.10625 0.08125
0 0.76640625 0.13359375 0.0734375 0.0515625
0 0.85546875 0.1328125 0.0453125 0.0359375
0 0.6359375 0.08125 0.0921875 0.15
0 0.8125 0.19375 0.078125 0.0453125
0 0.50625 0.12578125 0.140625 0.0875
0 0.5765625 0.11875 0.0515625 0.0625
0 0.86015625 0.175 0.0828125 0.0734375
0 0.37578125 0.06796875 0.0734375 0.0734375