0 0.778125 0.5875 0.0453125 0.2109375
0 0.29453125 0.5828125 0.0546875 0.2671875
0 0.371875 0.58671875 0.0671875 0.2734375
0 0.17109375 0.58203125 0.059375 0.2875
0 0.06015625 0.58515625 0.0703125 0.3703125
0 0.12421875 0.58984375 0.0046875 0.234375
0 0.81796875 0.58515625 0.046875 0.240625
0 0.98671875 0.5796875 0.0265625 0.26875
0 0.58359375 0.509375 0.05 0.0796875
0 0.21015625 0.59140625 0.040625 0.25
0 0.2453125 0.5890625 0.034375 0.1828125
0 0.89921875 0.57734375 0.0890625 0.2203125
0 0.66015625 0.58515625 0.025 0.1140625