0 0.46015625 0.41328125 0.2390625 0.259375
0 0.50625 0.74921875 0.265625 0.36875
0 0.2953125 0.18984375 0.1296875 0.09375
0 0.37734375 0.1640625 0.10625 0.1359375
0 0.6984375 0.1609375 0.1390625 0.2
0 0.1359375 0.1859375 0.09375 0.0640625
0 0.178125 0.0546875 0.10625 0.0453125
0 0.08125 0.1078125 0.0953125 0.09375
0 0.4015625 0.06015625 0.1203125 0.08125
0 0.51484375 0.128125 0.1515625 0.19375
0 0.24296875 0.17265625 0.0796875 0.0921875
0 0.9453125 0.24609375 0.109375 0.084375
0 0.30859375 0.028125 0.1109375 0.0546875