0 0.09765625 0.378125 0.1953125 0.38125
0 0.19140625 0.0609375 0.0765625 0.1171875
0 0.49609375 0.2515625 0.05 0.0453125
0 0.85546875 0.27734375 0.06875 0.0046875
0 0.33828125 0.0609375 0.04375 0.121875
0 0.37890625 0.07578125 0.0703125 0.1171875
0 0.76796875 0.27265625 0.05 0.04375
0 0.51015625 0.103125 0.0421875 0.065625
0 0.26875 0.23359375 0.0703125 0.0421875
0 0.68515625 0.10625 0.0484375 0.1046875
0 0.953125 0.2890625 0.0515625 0.034375
0 0.91953125 0.27421875 0.03125 0.0625
0 0.90078125 0.2109375 0.04375 0.0875