0 0.6078125 0.60625 0.1109375 0.45625
0 0.15625 0.60078125 0.0953125 0.421875
0 0.27734375 0.61328125 0.09375 0.4234375
0 0.3953125 0.5515625 0.0984375 0.3765625
0 0.44609375 0.4453125 0.040625 0.1234375
0 0.21640625 0.58671875 0.06875 0.38125
0 0.52109375 0.6078125 0.0671875 0.4125
0 0.7296875 0.578125 0.0796875 0.428125
0 0.41796875 0.43203125 0.04375 0.1375
0 0.6734375 0.528125 0.04375 0.221875
0 0.346875 0.5 0.05625 0.2296875
0 0.7890625 0.509375 0.0296875 0.1703125
0 0.4453125 0.65 0.1 0.3625