0 0.29921875 0.79375 0.271875 0.4109375
0 0.68828125 0.63046875 0.078125 0.4078125
0 0.32890625 0.615625 0.1046875 0.303125
0 0.5015625 0.57578125 0.0671875 0.328125
0 0.60625 0.5703125 0.059375 0.3078125
0 0.6546875 0.56875 0.05625 0.3078125
0 0.77265625 0.6109375 0.06875 0.346875
0 0.86171875 0.52109375 0.0609375 0.2265625
0 0.07890625 0.790625 0.1578125 0.4109375
0 0.5625 0.57421875 0.053125 0.275
0 0.553125 0.4546875 0.0421875 0.0984375
0 0.1953125 0.66640625 0.1140625 0.3984375
0 0.10546875 0.41640625 0.05 0.071875