0 0.32421875 0.40546875 0.14375 0.5171875
0 0.95703125 0.5234375 0.034375 0.240625
0 0.6671875 0.37578125 0.1734375 0.584375
0 0.9265625 0.53046875 0.0328125 0.234375
0 0.98046875 0.528125 0.0390625 0.2546875
0 0.08359375 0.46640625 0.0359375 0.103125
0 0.015625 0.53984375 0.03125 0.2203125
0 0.24140625 0.421875 0.028125 0.0390625
0 0.11015625 0.43125 0.025 0.0484375
0 0.034375 0.53984375 0.0453125 0.2390625
0 0.05703125 0.51015625 0.028125 0.2125
0 0.1796875 0.40546875 0.0234375 0.025
0 0.12890625 0.421875 0.0203125 0.0296875