0 0.3359375 0.753125 0.0375 0.1015625
0 0.38984375 0.734375 0.0140625 0.053125
0 0.45390625 0.75234375 0.0375 0.0984375
0 0.665625 0.73828125 0.0265625 0.053125
0 0.70078125 0.73359375 0.0265625 0.0609375
0 0.24375 0.73359375 0.0140625 0.0671875
0 0.21796875 0.73359375 0.01875 0.0609375
0 0.25390625 0.73359375 0.015625 0.06875
0 0.09296875 0.7015625 0.0140625 0.021875
0 0.12890625 0.71328125 0.009375 0.03125
0 0.11484375 0.7078125 0.015625 0.0234375
0 0.728125 0.7265625 0.009375 0.034375
0 0.48671875 0.77578125 0.0328125 0.13359375