0 0.53671875 0.7859375 0.1203125 0.3953125
0 0.78046875 0.68984375 0.1140625 0.4515625
0 0.93515625 0.77265625 0.03125 0.1515625
0 0.69609375 0.90859375 0.1671875 0.1828125
0 0.1171875 0.77421875 0.0171875 0.071875
0 0.31328125 0.775 0.0109375 0.028125
0 0.01796875 0.7578125 0.0109375 0.05625
0 0.06796875 0.809375 0.0203125 0.0625
0 0.0890625 0.76484375 0.0140625 0.0390625
0 0.28046875 0.7234375 0.0125 0.0234375
0 0.30234375 0.78125 0.015625 0.04375
0 0.140625 0.78203125 0.0234375 0.0765625
0 0.0546875 0.75625 0.0140625 0.0765625