0 0.15234375 0.2296875 0.0671875 0.1921875
0 0.29609375 0.1890625 0.0234375 0.1453125
0 0.7875 0.2890625 0.065625 0.290625
0 0.8625 0.3015625 0.06875 0.2515625
0 0.2703125 0.20390625 0.0375 0.1171875
0 0.659375 0.16640625 0.034375 0.028125
0 0.56171875 0.1984375 0.0296875 0.13125
0 0.20234375 0.23125 0.0515625 0.190625
0 0.528125 0.20390625 0.0328125 0.1203125
0 0.5140625 0.16640625 0.0140625 0.0359375
0 0.82578125 0.215625 0.021875 0.1125
0 0.22578125 0.1921875 0.046875 0.121875
0 0.77109375 0.20390625 0.01875 0.0984375