0 0.546875 0.68671875 0.3 0.3328125
0 0.615625 0.41875 0.0328125 0.0046875
0 0.78671875 0.37734375 0.09375 0.1015625
0 0.86953125 0.415625 0.09375 0.075
0 0.95234375 0.41015625 0.0765625 0.06875
0 0.70234375 0.371875 0.0671875 0.0859375
0 0.553125 0.36171875 0.05 0.090625
0 0.59765625 0.0828125 0.1078125 0.140625
0 0.87265625 0.446875 0.0765625 0.06875
0 0.71640625 0.453125 0.0921875 0.06875
0 0.609375 0.4390625 0.075 0.084375
0 0.578125 0.38828125 0.0671875 0.0875
0 0.53203125 0.4234375 0.06875 0.09375