0 0.69453125 0.78515625 0.21875 0.40625
0 0.90625 0.84296875 0.1875 0.3140625
0 0.4546875 0.34765625 0.075 0.1359375
0 0.68671875 0.44765625 0.1328125 0.2609375
0 0.5734375 0.34296875 0.284375 0.4046875
0 0.51171875 0.78046875 0.175 0.4390625
0 0.35390625 0.746875 0.1625 0.46953125
0 0.1640625 0.51953125 0.328125 0.9265625
0 0.2421875 0.38203125 0.1390625 0.1828125
0 0.80234375 0.45546875 0.1046875 0.225
0 0.54296875 0.13125 0.140625 0.2625
0 0.3671875 0.203125 0.171875 0.4046875
0 0.91640625 0.51015625 0.1671875 0.19375