0 0.7453125 0.57578125 0.175 0.5671875
0 0.80859375 0.3359375 0.01875 0.01875
0 0.7421875 0.27421875 0.021875 0.0140625
0 0.77734375 0.24921875 0.0078125 0.0140625
0 0.52734375 0.275 0.01875 0.0109375
0 0.39453125 0.26015625 0.00625 0.0109375
0 0.93046875 0.33984375 0.0265625 0.028125
0 0.84453125 0.275 0.01875 0.01875
0 0.76953125 0.3359375 0.0203125 0.0140625
0 0.6640625 0.31015625 0.0421875 0.015625
0 0.57578125 0.25625 0.00625 0.009375
0 0.59140625 0.26328125 0.0046875 0.0109375
0 0.14296875 0.265625 0.0078125 0.0109375