0 0.415625 0.5125 0.2046875 0.975
0 0.08828125 0.25078125 0.075 0.465625
0 0.23984375 0.1265625 0.0109375 0.065625
0 0.60234375 0.20859375 0.0265625 0.1171875
0 0.94296875 0.2296875 0.015625 0.04375
0 0.9625 0.23203125 0.01875 0.0421875
0 0.84140625 0.1953125 0.0109375 0.034375
0 0.3421875 0.16875 0.0171875 0.053125
0 0.29140625 0.1765625 0.053125 0.2125
0 0.69375 0.19296875 0.0109375 0.053125
0 0.6375 0.16484375 0.00625 0.0328125
0 0.51875 0.1578125 0.0109375 0.046875
0 0.1609375 0.22109375 0.1 0.4140625