0 0.3828125 0.225 0.0234375 0.10625
0 0.328125 0.225 0.021875 0.0984375
0 0.47109375 0.184375 0.01875 0.09375
0 0.4515625 0.18671875 0.021875 0.1
0 0.3609375 0.71640625 0.0578125 0.1484375
0 0.621875 0.16875 0.0328125 0.0609375
0 0.09296875 0.20390625 0.01875 0.125
0 0.35078125 0.20859375 0.025 0.1359375
0 0.52421875 0.20390625 0.0265625 0.11875
0 0.55703125 0.18046875 0.040625 0.1
0 0.584375 0.16953125 0.028125 0.05625
0 0.203125 0.19296875 0.05625 0.175
0 0.92734375 0.21640625 0.0375 0.0828125