0 0.53984375 0.45703125 0.4578125 0.546875
0 0.815625 0.196875 0.0546875 0.0734375
0 0.8625 0.1796875 0.0515625 0.1171875
0 0.77109375 0.16328125 0.0546875 0.059375
0 0.771875 0.19765625 0.05625 0.071875
0 0.54765625 0.1640625 0.0390625 0.0640625
0 0.17109375 0.15625 0.0484375 0.0734375
0 0.61875 0.16328125 0.0359375 0.078125
0 0.93515625 0.73046875 0.1265625 0.096875
0 0.41171875 0.17578125 0.0328125 0.0359375
0 0.37421875 0.175 0.0390625 0.0328125
0 0.02421875 0.16171875 0.0328125 0.0609375
0 0.078125 0.15546875 0.075 0.06875