0 0.5875 0.60703125 0.015625 0.0515625
0 0.87421875 0.66796875 0.021875 0.0890625
0 0.925 0.66640625 0.025 0.0921875
0 0.88828125 0.78359375 0.040625 0.15625
0 0.5234375 0.86796875 0.0578125 0.2625
0 0.95 0.67265625 0.03125 0.1046875
0 0.290625 0.890625 0.059375 0.2078125
0 0.4078125 0.878125 0.0359375 0.1765625
0 0.36171875 0.9 0.040625 0.1671875
0 0.57890625 0.61796875 0.01875 0.06875
0 0.45078125 0.91328125 0.075 0.1734375
0 0.05546875 0.91640625 0.0984375 0.1671875
0 0.115625 0.92578125 0.0640625 0.1234375