0 0.61796875 0.86953125 0.36875 0.2375
0 0.4921875 0.72421875 0.3140625 0.55
0 0.29140625 0.67578125 0.225 0.5109375
0 0.875 0.565625 0.209375 0.8328125
0 0.16171875 0.62109375 0.2375 0.475
0 0.08125 0.52421875 0.084375 0.2828125
0 0.815625 0.40859375 0.13125 0.3734375
0 0.70078125 0.50703125 0.1609375 0.4359375
0 0.1828125 0.47890625 0.1125 0.3078125
0 0.58671875 0.56875 0.2359375 0.3625
0 0.40546875 0.55390625 0.1625 0.38125
0 0.37421875 0.09921875 0.0984375 0.18125
0 0.26796875 0.26171875 0.06875 0.2234375