0 0.54609375 0.33515625 0.0453125 0.1875
0 0.109375 0.68359375 0.215625 0.41875
0 0.79375 0.328125 0.0578125 0.1703125
0 0.14453125 0.384375 0.0875 0.2484375
0 0.36328125 0.36640625 0.0546875 0.1140625
0 0.934375 0.32734375 0.0671875 0.1234375
0 0.88515625 0.33671875 0.0375 0.1265625
0 0.340625 0.75703125 0.2203125 0.3171875
0 0.05859375 0.43046875 0.0921875 0.19375
0 0.259375 0.3875 0.078125 0.1375
0 0.0921875 0.38046875 0.03125 0.0671875
0 0.56015625 0.60625 0.2125 0.5109375
0 0.46796875 0.35859375 0.0734375 0.1234375