0 0.053125 0.1578125 0.0703125 0.0546875
0 0.409375 0.18984375 0.0890625 0.1015625
0 0.19921875 0.128125 0.05625 0.0296875
0 0.43046875 0.54375 0.509375 0.665625
0 0.6921875 0.54765625 0.615625 0.9046875
0 0.5921875 0.1609375 0.0359375 0.0265625
0 0.703125 0.19609375 0.075 0.0796875
0 0.16171875 0.1234375 0.0265625 0.025
0 0.13125 0.12109375 0.040625 0.025
0 0.29921875 0.12578125 0.03125 0.03125
0 0.65546875 0.17265625 0.0421875 0.0234375
0 0.10234375 0.13984375 0.0703125 0.053125
0 0.546875 0.153125 0.040625 0.0265625