0 0.33671875 0.38125 0.3234375 0.6453125
0 0.59921875 0.359375 0.228125 0.36875
0 0.16328125 0.06640625 0.0546875 0.1328125
0 0.47265625 0.05703125 0.0703125 0.1140625
0 0.465625 0.109375 0.028125 0.0421875
0 0.55078125 0.05390625 0.04375 0.0859375
0 0.615625 0.07578125 0.0875 0.1234375
0 0.196875 0.06640625 0.034375 0.1328125
0 0.26953125 0.04609375 0.034375 0.0921875
0 0.29140625 0.0375 0.015625 0.0453125
0 0.6421875 0.0234375 0.0515625 0.046875
0 0.6796875 0.07421875 0.065625 0.1046875
0 0.2234375 0.02109375 0.0203125 0.0234375