0 0.275 0.4734375 0.159375 0.525
0 0.62578125 0.47109375 0.303125 0.43125
0 0.92734375 0.80703125 0.1453125 0.365625
0 0.21015625 0.584375 0.090625 0.3953125
0 0.0828125 0.934375 0.03125 0.1
0 0.06015625 0.953125 0.034375 0.09375
0 0.91015625 0.64296875 0.0828125 0.20625
0 0.9859375 0.5734375 0.028125 0.1171875
0 0.1125 0.94609375 0.0453125 0.103125
0 0.02421875 0.9453125 0.0046875 0.109375
0 0.04921875 0.92890625 0.0203125 0.0796875
0 0.09140625 0.91328125 0.01875 0.0296875
0 0.02734375 0.89375 0.01875 0.028125