0 0.83046875 0.63984375 0.04375 0.096875
0 0.56171875 0.63828125 0.025 0.040625
0 0.23203125 0.628125 0.00625 0.0125
0 0.303125 0.6125 0.0234375 0.05625
0 0.74765625 0.6921875 0.0328125 0.059375
0 0.58125 0.575 0.0078125 0.028125
0 0.96328125 0.640625 0.0296875 0.01875
0 0.20859375 0.6328125 0.0140625 0.0359375
0 0.659375 0.57734375 0.0109375 0.0375
0 0.790625 0.678125 0.0234375 0.046875
0 0.721875 0.6828125 0.021875 0.0546875
0 0.640625 0.69375 0.034375 0.0640625
0 0.69375 0.68671875 0.03125 0.065625