0 0.075 0.340625 0.0875 0.315625
0 0.215625 0.3140625 0.0765625 0.215625
0 0.52578125 0.5796875 0.203125 0.4953125
0 0.17265625 0.40546875 0.05 0.25
0 0.1328125 0.6875 0.2578125 0.378125
0 0.29453125 0.52421875 0.075 0.2671875
0 0.3015625 0.39453125 0.0890625 0.2125
0 0.29453125 0.278125 0.0640625 0.159375
0 0.35390625 0.30078125 0.0546875 0.15625
0 0.3046875 0.2734375 0.05 0.1125
0 0.21015625 0.50703125 0.10625 0.2796875
0 0.39296875 0.51328125 0.11875 0.2765625
0 0.83984375 0.39609375 0.0796875 0.203125