0 0.096875 0.46953125 0.15 0.7046875
0 0.24609375 0.28359375 0.15625 0.3625
0 0.0984375 0.47578125 0.140625 0.665625
0 0.553125 0.6015625 0.1765625 0.51875
0 0.78203125 0.4125 0.146875 0.740625
0 0.41875 0.5953125 0.1421875 0.525
0 0.84609375 0.63359375 0.1734375 0.415625
0 0.7046875 0.59609375 0.14375 0.4953125
0 0.1734375 0.6078125 0.1421875 0.0328125
0 0.37109375 0.2828125 0.1328125 0.35
0 0.64140625 0.29375 0.140625 0.3765625
0 0.27734375 0.60390625 0.11484375 0.45625
0 0.90703125 0.4171875 0.1609375 0.6234375