0 0.49609375 0.6421875 0.309375 0.715625
0 0.56015625 0.3765625 0.109375 0.29375
0 0.184375 0.50625 0.240625 0.6203125
0 0.44375 0.27109375 0.1046875 0.2578125
0 0.3703125 0.3546875 0.0828125 0.3828125
0 0.3171875 0.40390625 0.0671875 0.4546875
0 0.278125 0.54453125 0.215625 0.8
0 0.06796875 0.76171875 0.1359375 0.440625
0 0.546875 0.2640625 0.0984375 0.2984375
0 0.18046875 0.8765625 0.3078125 0.225
0 0.8859375 0.7609375 0.228125 0.478125
0 0.4609375 0.25859375 0.0953125 0.234375
0 0.08359375 0.6453125 0.1640625 0.5046875