0 0.8984375 0.6171875 0.034375 0.1140625
0 0.21875 0.73359375 0.05 0.1296875
0 0.18984375 0.746875 0.021875 0.059375
0 0.19609375 0.26640625 0.015625 0.0625
0 0.21015625 0.271875 0.009375 0.05625
0 0.2296875 0.2671875 0.0109375 0.0625
0 0.328125 0.25078125 0.015625 0.059375
0 0.82890625 0.8515625 0.0640625 0.0859375
0 0.09453125 0.753125 0.0265625 0.13125
0 0.1734375 0.721875 0.03125 0.096875
0 0.76328125 0.65390625 0.0359375 0.090625
0 0.7953125 0.665625 0.0203125 0.090625
0 0.6421875 0.625 0.0296875 0.1046875