0 0.26015625 0.653125 0.08125 0.371875
0 0.91015625 0.53046875 0.05 0.1078125
0 0.6328125 0.7078125 0.09375 0.421875
0 0.80703125 0.659375 0.1015625 0.4203125
0 0.12890625 0.6390625 0.078125 0.35625
0 0.04921875 0.640625 0.0890625 0.3109375
0 0.4703125 0.76171875 0.0984375 0.46875
0 0.56953125 0.7125 0.06875 0.4078125
0 0.23671875 0.55078125 0.05 0.1765625
0 0.865625 0.53046875 0.046875 0.10625
0 0.45390625 0.74765625 0.10625 0.434375
0 0.31015625 0.60859375 0.053125 0.2671875
0 0.35625 0.60546875 0.08125 0.290625