0 0.65078125 0.5328125 0.15625 0.290625
0 0.81328125 0.50078125 0.1390625 0.365625
0 0.6828125 0.34296875 0.03125 0.1140625
0 0.57109375 0.44140625 0.14375 0.4140625
0 0.2140625 0.375 0.0359375 0.1828125
0 0.0890625 0.3640625 0.0515625 0.1640625
0 0.57109375 0.18046875 0.0171875 0.04375
0 0.72734375 0.16875 0.0140625 0.0515625
0 0.6609375 0.24375 0.0171875 0.0375
0 0.93515625 0.27421875 0.01875 0.028125
0 0.80078125 0.16875 0.021875 0.0578125
0 0.40703125 0.3796875 0.046875 0.1078125
0 0.73828125 0.17578125 0.015625 0.0375