0 0.16796875 0.47890625 0.1890625 0.7921875
0 0.3765625 0.43984375 0.125 0.6609375
0 0.5171875 0.50703125 0.1734375 0.93125
0 0.584375 0.36953125 0.0984375 0.634375
0 0.728125 0.50703125 0.2453125 0.871875
0 0.8578125 0.26640625 0.0875 0.2046875
0 0.26640625 0.2796875 0.059375 0.228125
0 0.32578125 0.25703125 0.0609375 0.2140625
0 0.43828125 0.20078125 0.034375 0.0890625
0 0.24296875 0.27578125 0.028125 0.2046875
0 0.3 0.2390625 0.028125 0.1453125
0 0.4578125 0.1 0.05625 0.1140625
0 0.22578125 0.2546875 0.0359375 0.18125