0 0.478125 0.453125 0.14921875 0.4453125
0 0.2625 0.4515625 0.05625 0.1390625
0 0.89609375 0.4375 0.0703125 0.153125
0 0.9578125 0.18984375 0.03125 0.078125
0 0.8390625 0.2015625 0.028125 0.096875
0 0.7765625 0.1828125 0.025 0.0875
0 0.69375 0.17578125 0.028125 0.0890625
0 0.66953125 0.16640625 0.0234375 0.0875
0 0.6125 0.1609375 0.025 0.0796875
0 0.5765625 0.16171875 0.028125 0.078125
0 0.0640625 0.1421875 0.0109375 0.040625
0 0.49296875 0.19375 0.0234375 0.0375
0 0.25859375 0.04140625 0.0125 0.0265625