0 0.09921875 0.76328125 0.025 0.09375
0 0.44375 0.72109375 0.0140625 0.05625
0 0.6046875 0.70703125 0.0125 0.04375
0 0.61328125 0.70546875 0.0109375 0.025
0 0.1703125 0.73515625 0.0171875 0.0609375
0 0.11015625 0.77734375 0.0203125 0.0515625
0 0.64453125 0.69765625 0.009375 0.0140625
0 0.74609375 0.68515625 0.0140625 0.025
0 0.16015625 0.76953125 0.0234375 0.05625
0 0.68828125 0.71640625 0.0109375 0.025
0 0.26015625 0.74140625 0.028125 0.0828125
0 0.7234375 0.69921875 0.009375 0.0296875
0 0.74453125 0.73671875 0.0125 0.0234375