0 0.79140625 0.69765625 0.021875 0.0625
0 0.88671875 0.665625 0.0125 0.0484375
0 0.8140625 0.65390625 0.009375 0.0375
0 0.3390625 0.80078125 0.059375 0.225
0 0.83828125 0.66953125 0.0140625 0.04375
0 0.94375 0.66640625 0.0109375 0.0390625
0 0.0546875 0.72109375 0.0171875 0.0515625
0 0.93359375 0.66328125 0.009375 0.04375
0 0.921875 0.66328125 0.0125 0.0359375
0 0.54375 0.79609375 0.0375 0.1671875
0 0.6234375 0.77578125 0.0640625 0.2390625
0 0.07109375 0.76171875 0.0421875 0.10625
0 0.3765625 0.79765625 0.0578125 0.21875