0 0.340625 0.8125 0.5078125 0.375
0 0.840625 0.83125 0.3171875 0.309375
0 0.1375 0.71171875 0.040625 0.0046875
0 0.71484375 0.6546875 0.028125 0.0453125
0 0.8359375 0.65703125 0.021875 0.0359375
0 0.08359375 0.70234375 0.0375 0.0734375
0 0.70859375 0.65859375 0.0328125 0.0546875
0 0.259375 0.66875 0.05625 0.0625
0 0.953125 0.6359375 0.01875 0.0390625
0 0.2734375 0.65703125 0.021875 0.0546875
0 0.05390625 0.69609375 0.0375 0.075
0 0.63359375 0.6171875 0.0171875 0.028125
0 0.06015625 0.65546875 0.0265625 0.0328125