0 0.6625 0.89921875 0.0703125 0.2015625
0 0.53828125 0.90078125 0.04375 0.1953125
0 0.79296875 0.88671875 0.0890625 0.2203125
0 0.86015625 0.86953125 0.078125 0.2328125
0 0.31875 0.890625 0.03125 0.1671875
0 0.70703125 0.80859375 0.0234375 0.0515625
0 0.590625 0.86015625 0.0296875 0.1234375
0 0.4296875 0.84140625 0.01875 0.0546875
0 0.0671875 0.90234375 0.065625 0.1953125
0 0.4078125 0.91171875 0.046875 0.1734375
0 0.9171875 0.8875 0.0515625 0.1984375
0 0.303125 0.85703125 0.028125 0.1046875
0 0.19296875 0.88203125 0.103125 0.2359375