0 0.103125 0.50390625 0.0984375 0.30625
0 0.50234375 0.54765625 0.103125 0.3171875
0 0.2859375 0.590625 0.109375 0.3609375
0 0.60703125 0.66796875 0.096875 0.2203125
0 0.71171875 0.525 0.0875 0.29375
0 0.87578125 0.65 0.0875 0.2046875
0 0.73359375 0.30078125 0.0265625 0.075
0 0.7640625 0.31015625 0.0328125 0.06875
0 0.6546875 0.3 0.028125 0.0328125
0 0.13515625 0.22265625 0.01875 0.0375
0 0.8640625 0.32109375 0.025 0.03125
0 0.4375 0.2875 0.021875 0.0296875
0 0.46015625 0.30625 0.028125 0.0296875