0 0.3578125 0.871875 0.2109375 0.25625
0 0.5140625 0.71171875 0.18125 0.46875
0 0.81796875 0.56953125 0.2875 0.3703125
0 0.73828125 0.396875 0.109375 0.1296875
0 0.3359375 0.45 0.1515625 0.2515625
0 0.70859375 0.25859375 0.0734375 0.0890625
0 0.503125 0.2625 0.034375 0.05
0 0.084375 0.58046875 0.16875 0.7171875
0 0.434375 0.26796875 0.0625 0.075
0 0.33046875 0.65859375 0.2328125 0.34375
0 0.61875 0.421875 0.078125 0.1140625
0 0.1390625 0.39921875 0.078125 0.09375
0 0.12578125 0.278125 0.0453125 0.1125