0 0.23046875 0.72109375 0.165625 0.1734375
0 0.171875 0.709375 0.125 0.16875
0 0.14296875 0.5890625 0.0375 0.0625
0 0.1828125 0.584375 0.03125 0.059375
0 0.22109375 0.58515625 0.021875 0.0578125
0 0.54921875 0.6171875 0.0375 0.0421875
0 0.4703125 0.6109375 0.040625 0.0296875
0 0.453125 0.59296875 0.034375 0.0421875
0 0.590625 0.625 0.053125 0.0421875
0 0.5984375 0.57734375 0.015625 0.0421875
0 0.41484375 0.609375 0.034375 0.0375
0 0.55625 0.57890625 0.0140625 0.0359375
0 0.5453125 0.58125 0.015625 0.0375