0 0.090625 0.7265625 0.0546875 0.2625
0 0.9203125 0.7359375 0.04375 0.2390625
0 0.88828125 0.7265625 0.05 0.1875
0 0.36171875 0.6765625 0.0296875 0.1171875
0 0.378125 0.67734375 0.0171875 0.109375
0 0.40859375 0.68125 0.021875 0.1078125
0 0.54921875 0.6578125 0.0109375 0.075
0 0.43046875 0.68125 0.0203125 0.1171875
0 0.53359375 0.6578125 0.01875 0.0828125
0 0.3125 0.64609375 0.0125 0.06875
0 0.42109375 0.64140625 0.0125 0.04375
0 0.81171875 0.6546875 0.009375 0.0859375
0 0.56640625 0.659375 0.0171875 0.0734375