0 0.31328125 0.55546875 0.253125 0.5984375
0 0.13828125 0.440625 0.165625 0.3703125
0 0.77890625 0.55390625 0.3 0.5515625
0 0.77734375 0.365625 0.1265625 0.2625
0 0.86875 0.1875 0.0859375 0.1484375
0 0.70546875 0.328125 0.1015625 0.1875
0 0.625 0.20390625 0.0734375 0.2203125
0 0.5515625 0.18984375 0.05625 0.16875
0 0.5125 0.19921875 0.078125 0.1703125
0 0.49921875 0.29609375 0.1234375 0.1734375
0 0.93828125 0.0375 0.1140625 0.0484375
0 0.0765625 0.39375 0.1234375 0.6046875
0 0.2734375 0.321875 0.0734375 0.175