0 0.0703125 0.68515625 0.140625 0.36875
0 0.1203125 0.58203125 0.06875 0.1875
0 0.20234375 0.61640625 0.0640625 0.3125
0 0.07421875 0.56328125 0.046875 0.1765625
0 0.1046875 0.55859375 0.025 0.140625
0 0.15546875 0.5390625 0.03125 0.121875
0 0.33125 0.5390625 0.0203125 0.1171875
0 0.44921875 0.57890625 0.059375 0.284375
0 0.7 0.5703125 0.06875 0.084375
0 0.40859375 0.51328125 0.0203125 0.084375
0 0.25859375 0.55859375 0.0453125 0.1734375
0 0.528125 0.5046875 0.025 0.078125
0 0.37421875 0.5859375 0.0578125 0.2421875