0 0.2984375 0.14453125 0.075 0.09375
0 0.346875 0.12109375 0.04375 0.096875
0 0.428125 0.14609375 0.0375 0.078125
0 0.54296875 0.74921875 0.0875 0.371875
0 0.55703125 0.2140625 0.040625 0.078125
0 0.45078125 0.7515625 0.0828125 0.36875
0 0.61015625 0.44609375 0.1 0.2078125
0 0.696875 0.4421875 0.0625 0.296875
0 0.253125 0.17890625 0.046875 0.096875
0 0.203125 0.1796875 0.046875 0.0890625
0 0.4046875 0.2 0.0375 0.1828125
0 0.3125 0.3390625 0.0421875 0.0546875
0 0.15390625 0.346875 0.0515625 0.259375