0 0.79453125 0.76953125 0.0546875 0.1921875
0 0.7390625 0.7390625 0.04375 0.190625
0 0.878125 0.79765625 0.0640625 0.228125
0 0.828125 0.7203125 0.0453125 0.2
0 0.76328125 0.64140625 0.0421875 0.1578125
0 0.78359375 0.6375 0.0375 0.1625
0 0.36875 0.46796875 0.0171875 0.059375
0 0.70625 0.58828125 0.0296875 0.1125
0 0.746875 0.59140625 0.034375 0.1015625
0 0.87265625 0.62109375 0.028125 0.0734375
0 0.88828125 0.615625 0.021875 0.1078125
0 0.8015625 0.60234375 0.0203125 0.121875
0 0.88125 0.50234375 0.0140625 0.03125