0 0.65625 0.5078125 0.4515625 0.871875
0 0.26015625 0.2 0.0640625 0.175
0 0.2984375 0.20078125 0.0890625 0.18125
0 0.18984375 0.20625 0.1015625 0.1859375
0 0.096875 0.26328125 0.0953125 0.1125
0 0.04453125 0.18671875 0.059375 0.109375
0 0.06796875 0.21484375 0.0578125 0.1078125
0 0.0265625 0.2421875 0.053125 0.084375
0 0.15078125 0.1671875 0.0859375 0.1734375
0 0.01875 0.153125 0.0375 0.1
0 0.278125 0.12890625 0.0390625 0.0640625
0 0.13125 0.128125 0.0328125 0.03125
0 0.21328125 0.14453125 0.046875 0.0875