0 0.59296875 0.81796875 0.0203125 0.0421875
0 0.25625 0.8265625 0.0203125 0.0453125
0 0.515625 0.81796875 0.0140625 0.084375
0 0.52578125 0.80859375 0.015625 0.0734375
0 0.284375 0.9421875 0.025 0.103125
0 0.26171875 0.94375 0.0296875 0.1125
0 0.34609375 0.96328125 0.0234375 0.0703125
0 0.38203125 0.7171875 0.01875 0.0640625
0 0.6296875 0.7875 0.0140625 0.078125
0 0.1265625 0.64765625 0.0109375 0.0453125
0 0.10234375 0.6546875 0.0109375 0.028125
0 0.50390625 0.8265625 0.0203125 0.0796875
0 0.59765625 0.79140625 0.021875 0.0796875