0 0.4953125 0.36640625 0.0453125 0.3140625
0 0.8328125 0.7640625 0.0203125 0.125
0 0.29453125 0.421875 0.040625 0.2359375
0 0.88046875 0.740625 0.040625 0.19375
0 0.66015625 0.328125 0.046875 0.334375
0 0.8515625 0.759375 0.01875 0.134375
0 0.38984375 0.41640625 0.03125 0.23125
0 0.43203125 0.390625 0.0546875 0.246875
0 0.353125 0.4375 0.046875 0.209375
0 0.57578125 0.43984375 0.05 0.10625
0 0.61953125 0.3375 0.053125 0.3140625
0 0.31796875 0.43125 0.0296875 0.2078125
0 0.53359375 0.38359375 0.053125 0.2734375