0 0.36953125 0.378125 0.05625 0.25
0 0.0453125 0.38046875 0.090625 0.3
0 0.2296875 0.5375 0.15625 0.29375
0 0.61015625 0.38046875 0.0453125 0.2890625
0 0.653125 0.63671875 0.26875 0.6953125
0 0.69765625 0.42109375 0.1078125 0.3765625
0 0.8640625 0.490625 0.18125 0.425
0 0.73671875 0.346875 0.0765625 0.3765625
0 0.9515625 0.37265625 0.0640625 0.1078125
0 0.47578125 0.28046875 0.0625 0.15
0 0.54453125 0.37734375 0.065625 0.2296875
0 0.053125 0.8 0.1046875 0.3984375
0 0.203125 0.37890625 0.0796875 0.1796875