0 0.175 0.87890625 0.025 0.0578125
0 0.87890625 0.8609375 0.0484375 0.0703125
0 0.72578125 0.89140625 0.06875 0.1296875
0 0.790625 0.8625 0.0609375 0.0765625
0 0.69375 0.88828125 0.0453125 0.115625
0 0.32578125 0.85234375 0.0140625 0.028125
0 0.18359375 0.84140625 0.0296875 0.0390625
0 0.20390625 0.85390625 0.025 0.0046875
0 0.37265625 0.8515625 0.025 0.0265625
0 0.05234375 0.8546875 0.0375 0.090625
0 0.146875 0.8625 0.0453125 0.1
0 0.478125 0.8578125 0.0453125 0.078125
0 0.19140625 0.8515625 0.00625 0.0171875