0 0.10546875 0.47109375 0.1140625 0.2078125
0 0.19765625 0.4765625 0.1671875 0.2265625
0 0.328125 0.44375 0.05 0.1234375
0 0.5203125 0.47109375 0.1015625 0.184375
0 0.82421875 0.44140625 0.121875 0.1984375
0 0.71015625 0.46015625 0.1078125 0.1734375
0 0.325 0.49296875 0.1078125 0.1640625
0 0.61953125 0.459375 0.125 0.1984375
0 0.925 0.46015625 0.0859375 0.140625
0 0.4125 0.47890625 0.1359375 0.165625
0 0.41953125 0.41015625 0.0875 0.165625
0 0.60859375 0.42734375 0.1046875 0.065625
0 0.98125 0.4296875 0.0375 0.109375