0 0.603125 0.65078125 0.2546875 0.6390625
0 0.94296875 0.7953125 0.1140625 0.3765625
0 0.56015625 0.3875 0.046875 0.0859375
0 0.1984375 0.4671875 0.08125 0.203125
0 0.82734375 0.3234375 0.034375 0.0578125
0 0.0296875 0.39140625 0.059375 0.0703125
0 0.7828125 0.50234375 0.0625 0.1609375
0 0.70703125 0.16484375 0.034375 0.0703125
0 0.45859375 0.2234375 0.0171875 0.0328125
0 0.92578125 0.42890625 0.046875 0.071875
0 0.89609375 0.40546875 0.0359375 0.0671875
0 0.26171875 0.39375 0.040625 0.0796875
0 0.446875 0.38515625 0.046875 0.0703125