0 0.81875 0.49375 0.090625 0.3171875
0 0.45546875 0.5 0.078125 0.29375
0 0.5453125 0.6875 0.2765625 0.621875
0 0.56796875 0.41640625 0.0734375 0.121875
0 0.50625 0.47890625 0.040625 0.25625
0 0.365625 0.40859375 0.034375 0.14375
0 0.3984375 0.38515625 0.05 0.125
0 0.0828125 0.36171875 0.025 0.0546875
0 0.53671875 0.3953125 0.028125 0.059375
0 0.41640625 0.4609375 0.0578125 0.215625
0 0.303125 0.4015625 0.04375 0.1640625
0 0.6234375 0.38046875 0.0171875 0.0234375
0 0.334375 0.415625 0.0390625 0.1296875