0 0.58046875 0.509375 0.1796875 0.4609375
0 0.33359375 0.35390625 0.0171875 0.1046875
0 0.07109375 0.36171875 0.03125 0.1078125
0 0.10078125 0.23203125 0.01875 0.0390625
0 0.08515625 0.23203125 0.0125 0.028125
0 0.165625 0.24140625 0.0109375 0.0140625
0 0.17890625 0.2421875 0.0078125 0.01875
0 0.0359375 0.22109375 0.0140625 0.0234375
0 0.0171875 0.22109375 0.0125 0.0203125
0 0.11796875 0.2328125 0.0171875 0.0328125
0 0.184375 0.24609375 0.0046875 0.015625
0 0.39296875 0.30546875 0.0421875 0.0671875
0 0.22578125 0.25078125 0.0125 0.015625