0 0.42421875 0.725 0.1125 0.215625
0 0.12421875 0.71796875 0.146875 0.225
0 0.24453125 0.74453125 0.08125 0.1078125
0 0.896875 0.75390625 0.0484375 0.0828125
0 0.840625 0.73984375 0.0890625 0.109375
0 0.7984375 0.71875 0.025 0.0609375
0 0.85 0.69921875 0.0234375 0.0453125
0 0.58515625 0.69453125 0.0140625 0.0140625
0 0.53984375 0.696875 0.009375 0.009375
0 0.67890625 0.70234375 0.015625 0.0296875
0 0.9015625 0.7046875 0.0296875 0.046875
0 0.99453125 0.7078125 0.0109375 0.0328125
0 0.01484375 0.7140625 0.0296875 0.1546875