0 0.66328125 0.38125 0.0453125 0.0921875
0 0.62421875 0.3828125 0.0453125 0.0921875
0 0.55078125 0.38515625 0.0515625 0.0859375
0 0.575 0.37578125 0.025 0.071875
0 0.45078125 0.38125 0.0234375 0.0546875
0 0.475 0.375 0.0203125 0.0578125
0 0.40703125 0.375 0.0328125 0.0796875
0 0.06484375 0.3765625 0.0671875 0.0875
0 0.09921875 0.37421875 0.0453125 0.075
0 0.43515625 0.3703125 0.01875 0.0515625
0 0.15390625 0.35546875 0.0421875 0.0578125
0 0.17890625 0.359375 0.0234375 0.05
0 0.51796875 0.36640625 0.0171875 0.04375