0 0.76796875 0.67734375 0.2359375 0.553125
0 0.4453125 0.70859375 0.20625 0.3296875
0 0.64921875 0.56328125 0.13125 0.3421875
0 0.5171875 0.43828125 0.13125 0.521875
0 0.62109375 0.80625 0.1765625 0.3296875
0 0.30078125 0.490625 0.1703125 0.2046875
0 0.12734375 0.59140625 0.234375 0.4046875
0 0.503125 0.14296875 0.08125 0.228125
0 0.2953125 0.13046875 0.109375 0.2609375
0 0.16171875 0.1546875 0.0734375 0.1375
0 0.93671875 0.21953125 0.1265625 0.4203125
0 0.34921875 0.70390625 0.0640625 0.15625
0 0.709375 0.1125 0.140625 0.225