0 0.44453125 0.35078125 0.2296875 0.5234375
0 0.2640625 0.65 0.028125 0.121875
0 0.21640625 0.63515625 0.0390625 0.115625
0 0.13828125 0.61484375 0.01875 0.0421875
0 0.3 0.67265625 0.028125 0.134375
0 0.15703125 0.67578125 0.0265625 0.1390625
0 0.27890625 0.6734375 0.0265625 0.134375
0 0.2546875 0.59765625 0.0171875 0.0359375
0 0.17109375 0.803125 0.04375 0.1078125
0 0.146875 0.803125 0.0640625 0.0890625
0 0.07890625 0.7890625 0.046875 0.1203125
0 0.03671875 0.80625 0.0390625 0.0734375
0 0.721875 0.63125 0.0265625 0.059375