0 0.621875 0.40234375 0.1609375 0.3484375
0 0.95078125 0.91640625 0.0984375 0.1671875
0 0.07421875 0.50546875 0.0734375 0.3015625
0 0.82109375 0.38984375 0.034375 0.16875
0 0.896875 0.38359375 0.04375 0.1578125
0 0.4953125 0.41484375 0.0046875 0.2171875
0 0.43046875 0.41640625 0.05 0.2359375
0 0.446875 0.32421875 0.015625 0.0265625
0 0.32578125 0.421875 0.0375 0.175
0 0.27578125 0.51484375 0.0515625 0.1390625
0 0.178125 0.50234375 0.046875 0.24375
0 0.76796875 0.33984375 0.021875 0.04375
0 0.22421875 0.08515625 0.0578125 0.1703125